0 , 1 , 1
0.01 , 0.99 , 0.99005
0.02 , 0.9801 , 0.980199
0.03 , 0.970299 , 0.970446
0.04 , 0.960596 , 0.960789
0.05 , 0.95099 , 0.951229
0.06 , 0.94148 , 0.941765
0.07 , 0.932065 , 0.932394
0.08 , 0.922745 , 0.923116
0.09 , 0.913517 , 0.913931
0.1 , 0.904382 , 0.904837
0.11 , 0.895338 , 0.895834
0.12 , 0.886385 , 0.886921
0.13 , 0.877521 , 0.878096
0.14 , 0.868746 , 0.869358
0.15 , 0.860058 , 0.860708
0.16 , 0.851458 , 0.852144
0.17 , 0.842943 , 0.843665
0.18 , 0.834514 , 0.83527
0.19 , 0.826169 , 0.826959
0.2 , 0.817907 , 0.818731
0.21 , 0.809728 , 0.810584
0.22 , 0.801631 , 0.802519
0.23 , 0.793614 , 0.794534
0.24 , 0.785678 , 0.786628
0.25 , 0.777821 , 0.778801
0.26 , 0.770043 , 0.771052
0.27 , 0.762343 , 0.76338
0.28 , 0.754719 , 0.755784
0.29 , 0.747172 , 0.748264
0.3 , 0.7397 , 0.740818
0.31 , 0.732303 , 0.733447
0.32 , 0.72498 , 0.726149
0.33 , 0.71773 , 0.718924
0.34 , 0.710553 , 0.71177
0.35 , 0.703448 , 0.704688
0.36 , 0.696413 , 0.697676
0.37 , 0.689449 , 0.690734
0.38 , 0.682555 , 0.683861
0.39 , 0.675729 , 0.677057
0.4 , 0.668972 , 0.67032
0.41 , 0.662282 , 0.66365
0.42 , 0.655659 , 0.657047
0.43 , 0.649103 , 0.650509
0.44 , 0.642612 , 0.644037
0.45 , 0.636185 , 0.637628
0.46 , 0.629824 , 0.631284
0.47 , 0.623525 , 0.625002
0.48 , 0.61729 , 0.618784
0.49 , 0.611117 , 0.612627
0.5 , 0.605006 , 0.606531
0.51 , 0.598956 , 0.600496
0.52 , 0.592966 , 0.594521
0.53 , 0.587037 , 0.588605
0.54 , 0.581167 , 0.582748
0.55 , 0.575355 , 0.57695
0.56 , 0.569601 , 0.571209
0.57 , 0.563905 , 0.565526
0.58 , 0.558266 , 0.559899
0.59 , 0.552683 , 0.554327
0.6 , 0.547157 , 0.548812
0.61 , 0.541685 , 0.543351
0.62 , 0.536268 , 0.537945
0.63 , 0.530905 , 0.532592
0.64 , 0.525596 , 0.527293
0.65 , 0.520341 , 0.522046
0.66 , 0.515137 , 0.516852
0.67 , 0.509986 , 0.511709
0.68 , 0.504886 , 0.506617
0.69 , 0.499837 , 0.501576
0.7 , 0.494839 , 0.496585
0.71 , 0.48989 , 0.491644
0.72 , 0.484991 , 0.486752
0.73 , 0.480141 , 0.481909
0.74 , 0.47534 , 0.477114
0.75 , 0.470587 , 0.472367
0.76 , 0.465881 , 0.467667
0.77 , 0.461222 , 0.463013
0.78 , 0.45661 , 0.458406
0.79 , 0.452044 , 0.453845
0.8 , 0.447523 , 0.449329
0.81 , 0.443048 , 0.444858
0.82 , 0.438617 , 0.440432
0.83 , 0.434231 , 0.436049
0.84 , 0.429889 , 0.431711
0.85 , 0.42559 , 0.427415
0.86 , 0.421334 , 0.423162
0.87 , 0.417121 , 0.418952
0.88 , 0.41295 , 0.414783
0.89 , 0.40882 , 0.410656
0.9 , 0.404732 , 0.40657
0.91 , 0.400685 , 0.402524
0.92 , 0.396678 , 0.398519
0.93 , 0.392711 , 0.394554
0.94 , 0.388784 , 0.390628
0.95 , 0.384896 , 0.386741
0.96 , 0.381047 , 0.382893
0.97 , 0.377237 , 0.379083
0.98 , 0.373464 , 0.375311
0.99 , 0.36973 , 0.371577
1 , 0.366032 , 0.36788
1.01 , 0.362372 , 0.364219
1.02 , 0.358748 , 0.360595
1.03 , 0.355161 , 0.357007
1.04 , 0.351609 , 0.353455
1.05 , 0.348093 , 0.349938
1.06 , 0.344612 , 0.346456
1.07 , 0.341166 , 0.343009
1.08 , 0.337754 , 0.339596
1.09 , 0.334377 , 0.336217
1.1 , 0.331033 , 0.332871
1.11 , 0.327723 , 0.329559
1.12 , 0.324445 , 0.32628
1.13 , 0.321201 , 0.323033
1.14 , 0.317989 , 0.319819
1.15 , 0.314809 , 0.316637
1.16 , 0.311661 , 0.313486
1.17 , 0.308544 , 0.310367
1.18 , 0.305459 , 0.307279
1.19 , 0.302404 , 0.304221
1.2 , 0.29938 , 0.301194
1.21 , 0.296387 , 0.298197
1.22 , 0.293423 , 0.29523
1.23 , 0.290489 , 0.292293
1.24 , 0.287584 , 0.289384
1.25 , 0.284708 , 0.286505
1.26 , 0.281861 , 0.283654
1.27 , 0.279042 , 0.280832
1.28 , 0.276252 , 0.278037
1.29 , 0.273489 , 0.275271
1.3 , 0.270754 , 0.272532
1.31 , 0.268047 , 0.26982
1.32 , 0.265366 , 0.267135
1.33 , 0.262713 , 0.264477
1.34 , 0.260085 , 0.261846
1.35 , 0.257485 , 0.25924
1.36 , 0.25491 , 0.256661
1.37 , 0.252361 , 0.254107
1.38 , 0.249837 , 0.251579
1.39 , 0.247339 , 0.249075
1.4 , 0.244865 , 0.246597
1.41 , 0.242417 , 0.244143
1.42 , 0.239992 , 0.241714
1.43 , 0.237593 , 0.239309
1.44 , 0.235217 , 0.236928
1.45 , 0.232864 , 0.23457
1.46 , 0.230536 , 0.232236
1.47 , 0.22823 , 0.229926
1.48 , 0.225948 , 0.227638
1.49 , 0.223689 , 0.225373
1.5 , 0.221452 , 0.22313
1.51 , 0.219237 , 0.22091
1.52 , 0.217045 , 0.218712
1.53 , 0.214874 , 0.216536
1.54 , 0.212726 , 0.214381
1.55 , 0.210598 , 0.212248
1.56 , 0.208492 , 0.210136
1.57 , 0.206408 , 0.208045
1.58 , 0.204343 , 0.205975
1.59 , 0.2023 , 0.203926
1.6 , 0.200277 , 0.201897
1.61 , 0.198274 , 0.199888
1.62 , 0.196291 , 0.197899
1.63 , 0.194329 , 0.19593
1.64 , 0.192385 , 0.19398
1.65 , 0.190461 , 0.19205
1.66 , 0.188557 , 0.190139
1.67 , 0.186671 , 0.188247
1.68 , 0.184805 , 0.186374
1.69 , 0.182956 , 0.18452
1.7 , 0.181127 , 0.182684
1.71 , 0.179316 , 0.180866
1.72 , 0.177522 , 0.179066
1.73 , 0.175747 , 0.177285
1.74 , 0.17399 , 0.17552
1.75 , 0.17225 , 0.173774
1.76 , 0.170527 , 0.172045
1.77 , 0.168822 , 0.170333
1.78 , 0.167134 , 0.168638
1.79 , 0.165463 , 0.16696
1.8 , 0.163808 , 0.165299
1.81 , 0.16217 , 0.163654
1.82 , 0.160548 , 0.162026
1.83 , 0.158943 , 0.160414
1.84 , 0.157353 , 0.158818
1.85 , 0.15578 , 0.157237
1.86 , 0.154222 , 0.155673
1.87 , 0.15268 , 0.154124
1.88 , 0.151153 , 0.15259
1.89 , 0.149641 , 0.151072
1.9 , 0.148145 , 0.149569
1.91 , 0.146663 , 0.14808
1.92 , 0.145197 , 0.146607
1.93 , 0.143745 , 0.145148
1.94 , 0.142307 , 0.143704
1.95 , 0.140884 , 0.142274
1.96 , 0.139476 , 0.140859
1.97 , 0.138081 , 0.139457
1.98 , 0.1367 , 0.138069
1.99 , 0.135333 , 0.136696
