0 , 1 , 1
0.005 , 0.995 , 0.995012
0.01 , 0.990025 , 0.99005
0.015 , 0.985075 , 0.985112
0.02 , 0.98015 , 0.980199
0.025 , 0.975249 , 0.97531
0.03 , 0.970372 , 0.970446
0.035 , 0.965521 , 0.965605
0.04 , 0.960693 , 0.960789
0.045 , 0.95589 , 0.955997
0.05 , 0.95111 , 0.951229
0.055 , 0.946355 , 0.946485
0.06 , 0.941623 , 0.941764
0.065 , 0.936915 , 0.937067
0.07 , 0.93223 , 0.932394
0.075 , 0.927569 , 0.927743
0.08 , 0.922931 , 0.923116
0.085 , 0.918316 , 0.918512
0.09 , 0.913725 , 0.913931
0.095 , 0.909156 , 0.909373
0.1 , 0.90461 , 0.904837
0.105 , 0.900087 , 0.900324
0.11 , 0.895587 , 0.895834
0.115 , 0.891109 , 0.891366
0.12 , 0.886653 , 0.88692
0.125 , 0.88222 , 0.882497
0.13 , 0.877809 , 0.878095
0.135 , 0.87342 , 0.873716
0.14 , 0.869053 , 0.869358
0.145 , 0.864708 , 0.865022
0.15 , 0.860384 , 0.860708
0.155 , 0.856082 , 0.856415
0.16 , 0.851802 , 0.852144
0.165 , 0.847543 , 0.847894
0.17 , 0.843305 , 0.843665
0.175 , 0.839089 , 0.839457
0.18 , 0.834893 , 0.83527
0.185 , 0.830719 , 0.831104
0.19 , 0.826565 , 0.826959
0.195 , 0.822432 , 0.822834
0.2 , 0.81832 , 0.818731
0.205 , 0.814228 , 0.814647
0.21 , 0.810157 , 0.810584
0.215 , 0.806107 , 0.806541
0.22 , 0.802076 , 0.802519
0.225 , 0.798066 , 0.798516
0.23 , 0.794075 , 0.794533
0.235 , 0.790105 , 0.790571
0.24 , 0.786154 , 0.786628
0.245 , 0.782224 , 0.782704
0.25 , 0.778312 , 0.778801
0.255 , 0.774421 , 0.774916
0.26 , 0.770549 , 0.771052
0.265 , 0.766696 , 0.767206
0.27 , 0.762863 , 0.763379
0.275 , 0.759048 , 0.759572
0.28 , 0.755253 , 0.755784
0.285 , 0.751477 , 0.752014
0.29 , 0.747719 , 0.748264
0.295 , 0.743981 , 0.744532
0.3 , 0.740261 , 0.740818
0.305 , 0.73656 , 0.737123
0.31 , 0.732877 , 0.733447
0.315 , 0.729212 , 0.729789
0.32 , 0.725566 , 0.726149
0.325 , 0.721938 , 0.722527
0.33 , 0.718329 , 0.718924
0.335 , 0.714737 , 0.715338
0.34 , 0.711163 , 0.71177
0.345 , 0.707608 , 0.70822
0.35 , 0.70407 , 0.704688
0.355 , 0.700549 , 0.701173
0.36 , 0.697046 , 0.697676
0.365 , 0.693561 , 0.694197
0.37 , 0.690093 , 0.690734
0.375 , 0.686643 , 0.687289
0.38 , 0.68321 , 0.683861
0.385 , 0.679794 , 0.680451
0.39 , 0.676395 , 0.677057
0.395 , 0.673013 , 0.67368
0.4 , 0.669648 , 0.67032
0.405 , 0.6663 , 0.666977
0.41 , 0.662968 , 0.66365
0.415 , 0.659653 , 0.66034
0.42 , 0.656355 , 0.657047
0.425 , 0.653073 , 0.65377
0.43 , 0.649808 , 0.650509
0.435 , 0.646559 , 0.647265
0.44 , 0.643326 , 0.644037
0.445 , 0.640109 , 0.640824
0.45 , 0.636909 , 0.637628
0.455 , 0.633724 , 0.634448
0.46 , 0.630556 , 0.631284
0.465 , 0.627403 , 0.628135
0.47 , 0.624266 , 0.625002
0.475 , 0.621144 , 0.621885
0.48 , 0.618039 , 0.618784
0.485 , 0.614949 , 0.615697
0.49 , 0.611874 , 0.612626
0.495 , 0.608814 , 0.609571
0.5 , 0.60577 , 0.606531
0.505 , 0.602741 , 0.603506
0.51 , 0.599728 , 0.600496
0.515 , 0.596729 , 0.597501
0.52 , 0.593745 , 0.594521
0.525 , 0.590777 , 0.591555
0.53 , 0.587823 , 0.588605
0.535 , 0.584884 , 0.585669
0.54 , 0.581959 , 0.582748
0.545 , 0.57905 , 0.579842
0.55 , 0.576154 , 0.57695
0.555 , 0.573274 , 0.574072
0.56 , 0.570407 , 0.571209
0.565 , 0.567555 , 0.56836
0.57 , 0.564717 , 0.565526
0.575 , 0.561894 , 0.562705
0.58 , 0.559084 , 0.559898
0.585 , 0.556289 , 0.557106
0.59 , 0.553507 , 0.554327
0.595 , 0.55074 , 0.551563
0.6 , 0.547986 , 0.548812
0.605 , 0.545246 , 0.546075
0.61 , 0.54252 , 0.543351
0.615 , 0.539807 , 0.540641
0.62 , 0.537108 , 0.537945
0.625 , 0.534423 , 0.535262
0.63 , 0.531751 , 0.532592
0.635 , 0.529092 , 0.529936
0.64 , 0.526447 , 0.527293
0.645 , 0.523814 , 0.524663
0.65 , 0.521195 , 0.522046
0.655 , 0.518589 , 0.519442
0.66 , 0.515996 , 0.516851
0.665 , 0.513416 , 0.514274
0.67 , 0.510849 , 0.511709
0.675 , 0.508295 , 0.509157
0.68 , 0.505754 , 0.506617
0.685 , 0.503225 , 0.50409
0.69 , 0.500709 , 0.501576
0.695 , 0.498205 , 0.499075
0.7 , 0.495714 , 0.496585
0.705 , 0.493235 , 0.494109
0.71 , 0.490769 , 0.491644
0.715 , 0.488315 , 0.489192
0.72 , 0.485874 , 0.486752
0.725 , 0.483445 , 0.484325
0.73 , 0.481027 , 0.481909
0.735 , 0.478622 , 0.479506
0.74 , 0.476229 , 0.477114
0.745 , 0.473848 , 0.474734
0.75 , 0.471479 , 0.472367
0.755 , 0.469121 , 0.470011
0.76 , 0.466776 , 0.467667
0.765 , 0.464442 , 0.465334
0.77 , 0.46212 , 0.463013
0.775 , 0.459809 , 0.460704
0.78 , 0.45751 , 0.458406
0.785 , 0.455222 , 0.45612
0.79 , 0.452946 , 0.453845
0.795 , 0.450682 , 0.451581
0.8 , 0.448428 , 0.449329
0.805 , 0.446186 , 0.447088
0.81 , 0.443955 , 0.444858
0.815 , 0.441735 , 0.442639
0.82 , 0.439527 , 0.440432
0.825 , 0.437329 , 0.438235
0.83 , 0.435142 , 0.436049
0.835 , 0.432967 , 0.433875
0.84 , 0.430802 , 0.431711
0.845 , 0.428648 , 0.429557
0.85 , 0.426505 , 0.427415
0.855 , 0.424372 , 0.425283
0.86 , 0.42225 , 0.423162
0.865 , 0.420139 , 0.421052
0.87 , 0.418038 , 0.418952
0.875 , 0.415948 , 0.416862
0.88 , 0.413868 , 0.414783
0.885 , 0.411799 , 0.412714
0.89 , 0.40974 , 0.410656
0.895 , 0.407691 , 0.408608
0.9 , 0.405653 , 0.40657
0.905 , 0.403625 , 0.404542
0.91 , 0.401606 , 0.402524
0.915 , 0.399598 , 0.400517
0.92 , 0.3976 , 0.398519
0.925 , 0.395612 , 0.396532
0.93 , 0.393634 , 0.394554
0.935 , 0.391666 , 0.392586
0.94 , 0.389708 , 0.390628
0.945 , 0.387759 , 0.38868
0.95 , 0.385821 , 0.386741
0.955 , 0.383891 , 0.384812
0.96 , 0.381972 , 0.382893
0.965 , 0.380062 , 0.380983
0.97 , 0.378162 , 0.379083
0.975 , 0.376271 , 0.377192
0.98 , 0.37439 , 0.375311
0.985 , 0.372518 , 0.373439
0.99 , 0.370655 , 0.371577
0.995 , 0.368802 , 0.369724
1 , 0.366958 , 0.36788
1.005 , 0.365123 , 0.366045
1.01 , 0.363297 , 0.364219
1.015 , 0.361481 , 0.362403
1.02 , 0.359674 , 0.360595
1.025 , 0.357875 , 0.358797
1.03 , 0.356086 , 0.357007
1.035 , 0.354305 , 0.355226
1.04 , 0.352534 , 0.353455
1.045 , 0.350771 , 0.351692
1.05 , 0.349017 , 0.349938
1.055 , 0.347272 , 0.348193
1.06 , 0.345536 , 0.346456
1.065 , 0.343808 , 0.344728
1.07 , 0.342089 , 0.343009
1.075 , 0.340379 , 0.341298
1.08 , 0.338677 , 0.339596
1.085 , 0.336983 , 0.337902
1.09 , 0.335299 , 0.336217
1.095 , 0.333622 , 0.33454
1.1 , 0.331954 , 0.332871
1.105 , 0.330294 , 0.331211
1.11 , 0.328643 , 0.329559
1.115 , 0.326999 , 0.327915
1.12 , 0.325365 , 0.32628
1.125 , 0.323738 , 0.324653
1.13 , 0.322119 , 0.323033
1.135 , 0.320508 , 0.321422
1.14 , 0.318906 , 0.319819
1.145 , 0.317311 , 0.318224
1.15 , 0.315725 , 0.316637
1.155 , 0.314146 , 0.315058
1.16 , 0.312575 , 0.313486
1.165 , 0.311013 , 0.311923
1.17 , 0.309457 , 0.310367
1.175 , 0.30791 , 0.308819
1.18 , 0.306371 , 0.307279
1.185 , 0.304839 , 0.305746
1.19 , 0.303315 , 0.304221
1.195 , 0.301798 , 0.302704
1.2 , 0.300289 , 0.301194
1.205 , 0.298788 , 0.299692
1.21 , 0.297294 , 0.298197
1.215 , 0.295807 , 0.29671
1.22 , 0.294328 , 0.29523
1.225 , 0.292857 , 0.293758
1.23 , 0.291392 , 0.292293
1.235 , 0.289935 , 0.290835
1.24 , 0.288486 , 0.289384
1.245 , 0.287043 , 0.287941
1.25 , 0.285608 , 0.286505
1.255 , 0.28418 , 0.285076
1.26 , 0.282759 , 0.283654
1.265 , 0.281345 , 0.282239
1.27 , 0.279939 , 0.280832
1.275 , 0.278539 , 0.279431
1.28 , 0.277146 , 0.278037
1.285 , 0.27576 , 0.276651
1.29 , 0.274382 , 0.275271
1.295 , 0.27301 , 0.273898
1.3 , 0.271645 , 0.272532
1.305 , 0.270286 , 0.271173
1.31 , 0.268935 , 0.26982
1.315 , 0.26759 , 0.268474
1.32 , 0.266252 , 0.267135
1.325 , 0.264921 , 0.265803
1.33 , 0.263597 , 0.264477
1.335 , 0.262279 , 0.263158
1.34 , 0.260967 , 0.261846
1.345 , 0.259662 , 0.26054
1.35 , 0.258364 , 0.25924
1.355 , 0.257072 , 0.257947
1.36 , 0.255787 , 0.256661
1.365 , 0.254508 , 0.255381
1.37 , 0.253235 , 0.254107
1.375 , 0.251969 , 0.25284
1.38 , 0.250709 , 0.251579
1.385 , 0.249456 , 0.250324
1.39 , 0.248209 , 0.249075
1.395 , 0.246967 , 0.247833
1.4 , 0.245733 , 0.246597
1.405 , 0.244504 , 0.245367
1.41 , 0.243281 , 0.244143
1.415 , 0.242065 , 0.242926
1.42 , 0.240855 , 0.241714
1.425 , 0.23965 , 0.240509
1.43 , 0.238452 , 0.239309
1.435 , 0.23726 , 0.238116
1.44 , 0.236074 , 0.236928
1.445 , 0.234893 , 0.235746
1.45 , 0.233719 , 0.23457
1.455 , 0.23255 , 0.233401
1.46 , 0.231387 , 0.232236
1.465 , 0.230231 , 0.231078
1.47 , 0.229079 , 0.229926
1.475 , 0.227934 , 0.228779
1.48 , 0.226794 , 0.227638
1.485 , 0.22566 , 0.226502
1.49 , 0.224532 , 0.225373
1.495 , 0.223409 , 0.224249
1.5 , 0.222292 , 0.22313
1.505 , 0.221181 , 0.222017
1.51 , 0.220075 , 0.22091
1.515 , 0.218975 , 0.219808
1.52 , 0.21788 , 0.218712
1.525 , 0.21679 , 0.217621
1.53 , 0.215706 , 0.216536
1.535 , 0.214628 , 0.215456
1.54 , 0.213555 , 0.214381
1.545 , 0.212487 , 0.213312
1.55 , 0.211424 , 0.212248
1.555 , 0.210367 , 0.21119
1.56 , 0.209315 , 0.210136
1.565 , 0.208269 , 0.209088
1.57 , 0.207228 , 0.208045
1.575 , 0.206191 , 0.207008
1.58 , 0.20516 , 0.205975
1.585 , 0.204135 , 0.204948
1.59 , 0.203114 , 0.203926
1.595 , 0.202098 , 0.202909
1.6 , 0.201088 , 0.201897
1.605 , 0.200083 , 0.20089
1.61 , 0.199082 , 0.199888
1.615 , 0.198087 , 0.198891
1.62 , 0.197096 , 0.197899
1.625 , 0.196111 , 0.196912
1.63 , 0.19513 , 0.19593
1.635 , 0.194155 , 0.194953
1.64 , 0.193184 , 0.19398
1.645 , 0.192218 , 0.193013
1.65 , 0.191257 , 0.19205
1.655 , 0.1903 , 0.191092
1.66 , 0.189349 , 0.190139
1.665 , 0.188402 , 0.189191
1.67 , 0.18746 , 0.188247
1.675 , 0.186523 , 0.187308
1.68 , 0.18559 , 0.186374
1.685 , 0.184662 , 0.185445
1.69 , 0.183739 , 0.18452
1.695 , 0.18282 , 0.183599
1.7 , 0.181906 , 0.182684
1.705 , 0.180997 , 0.181773
1.71 , 0.180092 , 0.180866
1.715 , 0.179191 , 0.179964
1.72 , 0.178295 , 0.179066
1.725 , 0.177404 , 0.178173
1.73 , 0.176517 , 0.177285
1.735 , 0.175634 , 0.1764
1.74 , 0.174756 , 0.175521
1.745 , 0.173882 , 0.174645
1.75 , 0.173013 , 0.173774
1.755 , 0.172148 , 0.172907
1.76 , 0.171287 , 0.172045
1.765 , 0.170431 , 0.171187
1.77 , 0.169579 , 0.170333
1.775 , 0.168731 , 0.169484
1.78 , 0.167887 , 0.168638
1.785 , 0.167048 , 0.167797
1.79 , 0.166212 , 0.16696
1.795 , 0.165381 , 0.166128
1.8 , 0.164554 , 0.165299
1.805 , 0.163732 , 0.164475
1.81 , 0.162913 , 0.163654
1.815 , 0.162098 , 0.162838
1.82 , 0.161288 , 0.162026
1.825 , 0.160481 , 0.161218
1.83 , 0.159679 , 0.160414
1.835 , 0.158881 , 0.159614
1.84 , 0.158086 , 0.158818
1.845 , 0.157296 , 0.158025
1.85 , 0.156509 , 0.157237
1.855 , 0.155727 , 0.156453
1.86 , 0.154948 , 0.155673
1.865 , 0.154173 , 0.154896
1.87 , 0.153402 , 0.154124
1.875 , 0.152635 , 0.153355
1.88 , 0.151872 , 0.15259
1.885 , 0.151113 , 0.151829
1.89 , 0.150357 , 0.151072
1.895 , 0.149606 , 0.150318
1.9 , 0.148858 , 0.149569
1.905 , 0.148113 , 0.148823
1.91 , 0.147373 , 0.14808
1.915 , 0.146636 , 0.147342
1.92 , 0.145903 , 0.146607
1.925 , 0.145173 , 0.145876
1.93 , 0.144447 , 0.145148
1.935 , 0.143725 , 0.144424
1.94 , 0.143006 , 0.143704
1.945 , 0.142291 , 0.142987
1.95 , 0.14158 , 0.142274
1.955 , 0.140872 , 0.141565
1.96 , 0.140168 , 0.140859
1.965 , 0.139467 , 0.140156
1.97 , 0.13877 , 0.139457
1.975 , 0.138076 , 0.138761
1.98 , 0.137385 , 0.138069
1.985 , 0.136698 , 0.137381
1.99 , 0.136015 , 0.136696
1.995 , 0.135335 , 0.136014
