0 , 1 , 1
0.05 , 0.95 , 0.951229
0.1 , 0.9025 , 0.904837
0.15 , 0.857375 , 0.860708
0.2 , 0.814506 , 0.818731
0.25 , 0.773781 , 0.778801
0.3 , 0.735092 , 0.740818
0.35 , 0.698337 , 0.704688
0.4 , 0.66342 , 0.67032
0.45 , 0.630249 , 0.637628
0.5 , 0.598737 , 0.606531
0.55 , 0.5688 , 0.57695
0.6 , 0.54036 , 0.548812
0.65 , 0.513342 , 0.522046
0.7 , 0.487675 , 0.496585
0.75 , 0.463291 , 0.472367
0.8 , 0.440127 , 0.449329
0.85 , 0.41812 , 0.427415
0.9 , 0.397214 , 0.40657
0.95 , 0.377354 , 0.386741
1 , 0.358486 , 0.367879
1.05 , 0.340562 , 0.349938
1.1 , 0.323534 , 0.332871
1.15 , 0.307357 , 0.316637
1.2 , 0.291989 , 0.301194
1.25 , 0.27739 , 0.286505
1.3 , 0.26352 , 0.272532
1.35 , 0.250344 , 0.25924
1.4 , 0.237827 , 0.246597
1.45 , 0.225936 , 0.23457
1.5 , 0.214639 , 0.22313
1.55 , 0.203907 , 0.212248
1.6 , 0.193711 , 0.201897
1.65 , 0.184026 , 0.19205
1.7 , 0.174825 , 0.182684
1.75 , 0.166083 , 0.173774
1.8 , 0.157779 , 0.165299
1.85 , 0.14989 , 0.157237
1.9 , 0.142396 , 0.149569
1.95 , 0.135276 , 0.142274
