0 , 0.1 , 0.1 , -0.125
1 , 0.09875 , 0.09875 , -0.371875
2 , 0.0950313 , 0.0950313 , -0.609453
3 , 0.0889367 , 0.0889367 , -0.831795
4 , 0.0806188 , 0.0806188 , -1.03334
5 , 0.0702854 , 0.0702854 , -1.20906
6 , 0.0581948 , 0.0581948 , -1.35454
7 , 0.0446494 , 0.0446494 , -1.46617
8 , 0.0299877 , 0.0299877 , -1.54113
9 , 0.0145764 , 0.0145764 , -1.57758
10 , -0.00119939 , -0.00119938 , -1.57458
11 , -0.0169452 , -0.0169452 , -1.53221
12 , -0.0322673 , -0.0322673 , -1.45155
13 , -0.0467828 , -0.0467828 , -1.33459
14 , -0.0601287 , -0.0601287 , -1.18427
15 , -0.0719713 , -0.0719713 , -1.00434
16 , -0.0820147 , -0.0820147 , -0.799303
17 , -0.0900078 , -0.0900078 , -0.574283
18 , -0.0957506 , -0.0957506 , -0.334907
19 , -0.0990996 , -0.0990997 , -0.0871576
20 , -0.0999712 , -0.0999712 , 0.16277
21 , -0.0983435 , -0.0983435 , 0.408629
22 , -0.0942572 , -0.0942572 , 0.644272
23 , -0.0878145 , -0.0878145 , 0.863809
24 , -0.0791764 , -0.0791764 , 1.06175
25 , -0.0685589 , -0.0685589 , 1.23315
26 , -0.0562274 , -0.0562275 , 1.37372
27 , -0.0424902 , -0.0424903 , 1.47994
28 , -0.0276908 , -0.0276909 , 1.54917
29 , -0.0121991 , -0.0121992 , 1.57967
30 , 0.00359753 , 0.00359746 , 1.57067
31 , 0.0193043 , 0.0193042 , 1.52241
32 , 0.0345284 , 0.0345283 , 1.43609
33 , 0.0488893 , 0.0488892 , 1.31387
34 , 0.062028 , 0.0620279 , 1.1588
35 , 0.073616 , 0.0736159 , 0.974759
36 , 0.0833635 , 0.0833635 , 0.76635
37 , 0.091027 , 0.091027 , 0.538783
38 , 0.0964149 , 0.0964148 , 0.297746
39 , 0.0993923 , 0.0993923 , 0.049265
40 , 0.0998849 , 0.0998849 , -0.200447
41 , 0.0978805 , 0.0978805 , -0.445148
42 , 0.093429 , 0.093429 , -0.678721
43 , 0.0866418 , 0.0866418 , -0.895325
44 , 0.0776885 , 0.0776885 , -1.08955
45 , 0.066793 , 0.066793 , -1.25653
46 , 0.0542277 , 0.0542278 , -1.3921
47 , 0.0403067 , 0.0403068 , -1.49287
48 , 0.0253781 , 0.0253781 , -1.55631
49 , 0.00981499 , 0.00981501 , -1.58085
50 , -0.00599349 , -0.00599348 , -1.56586
51 , -0.0216521 , -0.0216521 , -1.51173
52 , -0.0367695 , -0.0367695 , -1.41981
53 , -0.0509676 , -0.0509676 , -1.29239
54 , -0.0638915 , -0.0638915 , -1.13266
55 , -0.0752181 , -0.0752181 , -0.944618
56 , -0.0846643 , -0.0846643 , -0.732957
57 , -0.0919939 , -0.0919939 , -0.502972
58 , -0.0970236 , -0.0970236 , -0.260413
59 , -0.0996277 , -0.0996277 , -0.0113442
60 , -0.0997412 , -0.0997412 , 0.238009
61 , -0.0973611 , -0.0973611 , 0.481411
62 , -0.092547 , -0.092547 , 0.712779
63 , -0.0854192 , -0.0854192 , 0.926327
64 , -0.0761559 , -0.0761559 , 1.11672
65 , -0.0649887 , -0.0649887 , 1.27919
66 , -0.0521968 , -0.0521969 , 1.40968
67 , -0.0381 , -0.0381001 , 1.50493
68 , -0.0230507 , -0.0230507 , 1.56256
69 , -0.00742515 , -0.00742517 , 1.58112
70 , 0.00838606 , 0.00838603 , 1.56016
71 , 0.0239876 , 0.0239876 , 1.50019
72 , 0.0389895 , 0.0389894 , 1.40271
73 , 0.0530166 , 0.0530166 , 1.27017
74 , 0.0657183 , 0.0657183 , 1.10588
75 , 0.0767771 , 0.076777 , 0.913933
76 , 0.0859164 , 0.0859164 , 0.699142
77 , 0.0929078 , 0.0929078 , 0.466873
78 , 0.0975765 , 0.0975765 , 0.222931
79 , 0.0998058 , 0.0998058 , -0.0265833
80 , 0.09954 , 0.09954 , -0.275433
81 , 0.0967856 , 0.0967857 , -0.517397
82 , 0.0916117 , 0.0916117 , -0.746427
83 , 0.0841474 , 0.0841474 , -0.956795
84 , 0.0745794 , 0.0745795 , -1.14324
85 , 0.063147 , 0.063147 , -1.30111
86 , 0.0501358 , 0.0501359 , -1.42645
87 , 0.0358713 , 0.0358714 , -1.51613
88 , 0.02071 , 0.0207101 , -1.5679
89 , 0.00503094 , 0.00503106 , -1.58048
90 , -0.0107739 , -0.0107738 , -1.55355
91 , -0.0263094 , -0.0263092 , -1.48778
92 , -0.0411871 , -0.041187 , -1.38481
93 , -0.0550352 , -0.0550351 , -1.24722
94 , -0.0675074 , -0.0675073 , -1.07845
95 , -0.0782919 , -0.0782918 , -0.882722
96 , -0.0871191 , -0.087119 , -0.664925
97 , -0.0937683 , -0.0937683 , -0.430504
98 , -0.0980734 , -0.0980733 , -0.185321
99 , -0.0999265 , -0.0999265 , 0.0644954
100 , -0.0992816 , -0.0992816 , 0.312699
101 , -0.0961546 , -0.0961546 , 0.553086
102 , -0.0906237 , -0.0906237 , 0.779645
103 , -0.0828272 , -0.0828273 , 0.986713
104 , -0.07296 , -0.0729601 , 1.16911
105 , -0.0612689 , -0.061269 , 1.32229
106 , -0.048046 , -0.0480461 , 1.4424
107 , -0.033622 , -0.0336221 , 1.52646
108 , -0.0183574 , -0.0183576 , 1.57235
109 , -0.00263389 , -0.00263405 , 1.57894
110 , 0.0131555 , 0.0131553 , 1.54605
111 , 0.028616 , 0.0286158 , 1.47451
112 , 0.043361 , 0.0433609 , 1.36611
113 , 0.0570221 , 0.0570219 , 1.22355
114 , 0.0692576 , 0.0692574 , 1.05041
115 , 0.0797617 , 0.0797615 , 0.851004
116 , 0.0882717 , 0.0882715 , 0.630325
117 , 0.0945749 , 0.0945748 , 0.393888
118 , 0.0985138 , 0.0985137 , 0.147604
119 , 0.0999898 , 0.0999897 , -0.10237
120 , 0.098966 , 0.098966 , -0.349785
121 , 0.0954682 , 0.0954681 , -0.588456
122 , 0.0895836 , 0.0895836 , -0.812415
123 , 0.0814594 , 0.0814594 , -1.01606
124 , 0.0712987 , 0.0712988 , -1.19431
125 , 0.0593556 , 0.0593557 , -1.3427
126 , 0.0459286 , 0.0459287 , -1.45752
127 , 0.0313533 , 0.0313535 , -1.53591
128 , 0.0159943 , 0.0159944 , -1.57589
129 , 0.000235343 , 0.000235528 , -1.57648
130 , -0.0155295 , -0.0155293 , -1.53766
131 , -0.030906 , -0.0309058 , -1.46039
132 , -0.04551 , -0.0455098 , -1.34662
133 , -0.0589761 , -0.0589759 , -1.19918
134 , -0.0709679 , -0.0709677 , -1.02176
135 , -0.0811855 , -0.0811853 , -0.818795
136 , -0.0893734 , -0.0893733 , -0.595362
137 , -0.095327 , -0.0953269 , -0.357045
138 , -0.0988974 , -0.0988973 , -0.109802
139 , -0.0999954 , -0.0999954 , 0.140187
140 , -0.0985935 , -0.0985935 , 0.38667
141 , -0.0947268 , -0.0947268 , 0.623487
142 , -0.0884919 , -0.0884919 , 0.844717
143 , -0.0800447 , -0.0800447 , 1.04483
144 , -0.0695964 , -0.0695965 , 1.21882
145 , -0.0574082 , -0.0574083 , 1.36234
146 , -0.0437847 , -0.0437848 , 1.4718
147 , -0.0290667 , -0.0290668 , 1.54447
148 , -0.013622 , -0.0136221 , 1.57853
149 , 0.0021633 , 0.00216312 , 1.57312
150 , 0.0178945 , 0.0178943 , 1.52838
151 , 0.0331783 , 0.0331781 , 1.44544
152 , 0.0476327 , 0.0476325 , 1.32636
153 , 0.0608962 , 0.060896 , 1.17412
154 , 0.0726374 , 0.0726372 , 0.992522
155 , 0.0825626 , 0.0825624 , 0.786116
156 , 0.0904237 , 0.0904236 , 0.560057
157 , 0.0960243 , 0.0960241 , 0.319997
158 , 0.0992242 , 0.0992241 , 0.0719367
159 , 0.0999435 , 0.0999435 , -0.177922
160 , 0.0981643 , 0.0981642 , -0.423333
161 , 0.0939309 , 0.0939309 , -0.65816
162 , 0.0873493 , 0.0873493 , -0.876533
163 , 0.0785839 , 0.078584 , -1.07299
164 , 0.067854 , 0.0678541 , -1.24263
165 , 0.0554276 , 0.0554278 , -1.3812
166 , 0.0416156 , 0.0416158 , -1.48524
167 , 0.0267632 , 0.0267634 , -1.55215
168 , 0.0112418 , 0.011242 , -1.58025
169 , -0.00456077 , -0.00456054 , -1.56885
170 , -0.0202493 , -0.020249 , -1.51823
171 , -0.0354315 , -0.0354313 , -1.42965
172 , -0.049728 , -0.0497278 , -1.30533
173 , -0.0627813 , -0.0627811 , -1.14838
174 , -0.074265 , -0.0742649 , -0.962714
175 , -0.0838922 , -0.083892 , -0.752984
176 , -0.091422 , -0.0914218 , -0.52443
177 , -0.0966663 , -0.0966661 , -0.282764
178 , -0.0994939 , -0.0994938 , -0.03403
179 , -0.0998341 , -0.0998341 , 0.215555
180 , -0.0976785 , -0.0976785 , 0.459752
181 , -0.093081 , -0.093081 , 0.692454
182 , -0.0861564 , -0.0861565 , 0.907845
183 , -0.0770779 , -0.077078 , 1.10054
184 , -0.0660725 , -0.0660726 , 1.26572
185 , -0.0534152 , -0.0534154 , 1.39926
186 , -0.0394226 , -0.0394228 , 1.49782
187 , -0.0244444 , -0.0244446 , 1.55893
188 , -0.0088551 , -0.00885535 , 1.58107
189 , 0.00695558 , 0.00695533 , 1.56368
190 , 0.0225924 , 0.0225921 , 1.5072
191 , 0.0376644 , 0.0376641 , 1.41304
192 , 0.0517947 , 0.0517945 , 1.28355
193 , 0.0646303 , 0.06463 , 1.12198
194 , 0.07585 , 0.0758498 , 0.932353
195 , 0.0851735 , 0.0851733 , 0.71942
196 , 0.0923677 , 0.0923675 , 0.488501
197 , 0.0972527 , 0.0972525 , 0.24537
198 , 0.0997063 , 0.0997062 , -0.00389598
199 , 0.0996673 , 0.0996672 , -0.253064
200 , 0.0971366 , 0.0971366 , -0.495906
201 , 0.0921775 , 0.0921775 , -0.726349
202 , 0.084914 , 0.0849141 , -0.938635
203 , 0.0755276 , 0.0755277 , -1.12745
204 , 0.064253 , 0.0642532 , -1.28809
205 , 0.0513721 , 0.0513723 , -1.41652
206 , 0.0372069 , 0.0372071 , -1.50954
207 , 0.0221115 , 0.0221118 , -1.56481
208 , 0.00646338 , 0.00646363 , -1.58097
209 , -0.00934638 , -0.00934611 , -1.55761
210 , -0.0249225 , -0.0249222 , -1.4953
211 , -0.0398755 , -0.0398752 , -1.39561
212 , -0.0538316 , -0.0538314 , -1.26104
213 , -0.066442 , -0.0664417 , -1.09493
214 , -0.0773913 , -0.0773911 , -0.901454
215 , -0.0864058 , -0.0864056 , -0.68544
216 , -0.0932602 , -0.09326 , -0.45229
217 , -0.0977831 , -0.0977829 , -0.207833
218 , -0.0998614 , -0.0998612 , 0.0418199
219 , -0.0994431 , -0.099443 , 0.290428
220 , -0.0965388 , -0.0965388 , 0.531774
221 , -0.091221 , -0.091221 , 0.759827
222 , -0.0836227 , -0.0836228 , 0.968884
223 , -0.0739338 , -0.0739339 , 1.15372
224 , -0.0623966 , -0.0623967 , 1.30971
225 , -0.0492995 , -0.0492996 , 1.43296
226 , -0.0349698 , -0.03497 , 1.52038
227 , -0.0197659 , -0.0197662 , 1.5698
228 , -0.00406792 , -0.00406818 , 1.57997
229 , 0.0117318 , 0.0117315 , 1.55064
230 , 0.0272382 , 0.0272379 , 1.48255
231 , 0.0420637 , 0.0420634 , 1.37739
232 , 0.0558376 , 0.0558373 , 1.2378
233 , 0.0682155 , 0.0682152 , 1.06726
234 , 0.0788881 , 0.0788878 , 0.870038
235 , 0.0875884 , 0.0875882 , 0.651067
236 , 0.0940991 , 0.0940989 , 0.41582
237 , 0.0982572 , 0.0982571 , 0.170177
238 , 0.099959 , 0.0999588 , -0.0797198
239 , 0.0991617 , 0.0991616 , -0.327624
240 , 0.0958854 , 0.0958854 , -0.567337
241 , 0.090212 , 0.090212 , -0.792867
242 , 0.0822833 , 0.0822833 , -0.998576
243 , 0.0722975 , 0.0722976 , -1.17932
244 , 0.0605043 , 0.0605044 , -1.33058
245 , 0.0471984 , 0.0471986 , -1.44858
246 , 0.0327126 , 0.0327128 , -1.53036
247 , 0.017409 , 0.0174092 , -1.57388
248 , 0.00167013 , 0.0016704 , -1.57806
249 , -0.0141105 , -0.0141102 , -1.54278
250 , -0.0295383 , -0.029538 , -1.46894
251 , -0.0442277 , -0.0442274 , -1.35837
252 , -0.0578114 , -0.0578111 , -1.21384
253 , -0.0699498 , -0.0699495 , -1.03897
254 , -0.0803394 , -0.0803392 , -0.83812
255 , -0.0887206 , -0.0887204 , -0.616319
256 , -0.0948838 , -0.0948836 , -0.37911
257 , -0.0986748 , -0.0986747 , -0.132423
258 , -0.099999 , -0.0999989 , 0.117574
259 , -0.0988232 , -0.0988232 , 0.364632
260 , -0.0951769 , -0.0951769 , 0.602574
261 , -0.0891511 , -0.0891511 , 0.825452
262 , -0.0808965 , -0.0808966 , 1.02769
263 , -0.0706195 , -0.0706197 , 1.20424
264 , -0.0585771 , -0.0585773 , 1.35069
265 , -0.0450702 , -0.0450704 , 1.46336
266 , -0.0304365 , -0.0304368 , 1.53945
267 , -0.015042 , -0.0150422 , 1.57706
268 , 0.000728659 , 0.000728346 , 1.57524
269 , 0.0164811 , 0.0164807 , 1.53404
270 , 0.0318214 , 0.0318211 , 1.45448
271 , 0.0463663 , 0.0463659 , 1.33857
272 , 0.0597519 , 0.0597516 , 1.18919
273 , 0.0716438 , 0.0716435 , 1.01008
274 , 0.0817446 , 0.0817443 , 0.80572
275 , 0.0898018 , 0.0898015 , 0.581216
276 , 0.0956139 , 0.0956137 , 0.342182
277 , 0.0990357 , 0.0990355 , 0.0945934
278 , 0.0999815 , 0.0999814 , -0.15536
279 , 0.0984279 , 0.0984278 , -0.40143
280 , 0.0944135 , 0.0944135 , -0.637464
281 , 0.0880389 , 0.0880389 , -0.857561
282 , 0.0794632 , 0.0794633 , -1.05622
283 , 0.068901 , 0.0689011 , -1.22847
284 , 0.0566162 , 0.0566164 , -1.37001
285 , 0.042916 , 0.0429163 , -1.4773
286 , 0.028143 , 0.0281432 , -1.54766
287 , 0.0126663 , 0.0126666 , -1.57933
288 , -0.00312696 , -0.00312667 , -1.57151
289 , -0.0188421 , -0.0188418 , -1.52441
290 , -0.0340862 , -0.0340858 , -1.43919
291 , -0.0484781 , -0.0484778 , -1.318
292 , -0.0616581 , -0.0616577 , -1.16385
293 , -0.0732966 , -0.0732963 , -0.980613
294 , -0.0831027 , -0.0831024 , -0.772857
295 , -0.0908312 , -0.090831 , -0.545779
296 , -0.096289 , -0.0962888 , -0.305057
297 , -0.0993395 , -0.0993394 , -0.0567091
298 , -0.0999066 , -0.0999064 , 0.193057
299 , -0.0979759 , -0.0979759 , 0.437997
300 , -0.0935959 , -0.0935959 , 0.671986
301 , -0.086876 , -0.086876 , 0.889177
302 , -0.0779842 , -0.0779843 , 1.08414
303 , -0.0671428 , -0.0671429 , 1.25199
304 , -0.0546228 , -0.054623 , 1.38855
305 , -0.0407372 , -0.0407374 , 1.4904
306 , -0.0258332 , -0.0258335 , 1.55498
307 , -0.0102834 , -0.0102837 , 1.58069
308 , 0.00552353 , 0.00552319 , 1.56688
309 , 0.0211924 , 0.021192 , 1.5139
310 , 0.0363314 , 0.036331 , 1.42307
311 , 0.0505621 , 0.0505617 , 1.29667
312 , 0.0635288 , 0.0635284 , 1.13785
313 , 0.0749072 , 0.0749069 , 0.95058
314 , 0.084413 , 0.0844127 , 0.739549
315 , 0.0918085 , 0.0918082 , 0.510028
316 , 0.0969087 , 0.0969085 , 0.267757
317 , 0.0995862 , 0.099586 , 0.0187921
318 , 0.0997741 , 0.0997739 , -0.230643
319 , 0.0974676 , 0.0974675 , -0.474312
320 , 0.0927244 , 0.0927244 , -0.706123
321 , 0.0856632 , 0.0856632 , -0.92028
322 , 0.0764603 , 0.0764604 , -1.11143
323 , 0.0653459 , 0.065346 , -1.2748
324 , 0.0525979 , 0.0525981 , -1.40629
325 , 0.0385349 , 0.0385352 , -1.50263
326 , 0.0235086 , 0.0235089 , -1.5614
327 , 0.00789453 , 0.00789485 , -1.58114
328 , -0.00791689 , -0.00791654 , -1.56135
329 , -0.0235304 , -0.02353 , -1.50252
330 , -0.0385556 , -0.0385552 , -1.40613
331 , -0.052617 , -0.0526166 , -1.27459
332 , -0.0653629 , -0.0653625 , -1.11119
333 , -0.0764747 , -0.0764744 , -0.920001
334 , -0.0856747 , -0.0856744 , -0.705815
335 , -0.0927328 , -0.0927325 , -0.473983
336 , -0.0974726 , -0.0974724 , -0.230302
337 , -0.0997756 , -0.0997754 , 0.0191361
338 , -0.0995841 , -0.0995841 , 0.268096
339 , -0.0969031 , -0.0969031 , 0.510354
340 , -0.0917995 , -0.0917995 , 0.739853
341 , -0.0844009 , -0.084401 , 0.950855
342 , -0.0748923 , -0.0748925 , 1.13809
343 , -0.0635114 , -0.0635116 , 1.29687
344 , -0.0505427 , -0.0505429 , 1.42322
345 , -0.0363104 , -0.0363107 , 1.514
346 , -0.0211704 , -0.0211707 , 1.56693
347 , -0.0055011 , -0.00550146 , 1.58068
348 , 0.0103057 , 0.0103053 , 1.55492
349 , 0.0258549 , 0.0258545 , 1.49028
350 , 0.0407577 , 0.0407573 , 1.38839
351 , 0.0546416 , 0.0546412 , 1.25178
352 , 0.0671594 , 0.067159 , 1.08389
353 , 0.0779982 , 0.0779979 , 0.888892
354 , 0.0868871 , 0.0868868 , 0.671675
355 , 0.0936038 , 0.0936036 , 0.437666
356 , 0.0979804 , 0.0979802 , 0.192715
357 , 0.0999075 , 0.0999074 , -0.057053
358 , 0.0993369 , 0.0993368 , -0.305395
359 , 0.0962829 , 0.0962829 , -0.546102
360 , 0.0908218 , 0.0908219 , -0.773157
361 , 0.0830902 , 0.0830903 , -0.980883
362 , 0.0732813 , 0.0732815 , -1.16409
363 , 0.0616404 , 0.0616406 , -1.31819
364 , 0.0484584 , 0.0484587 , -1.43933
365 , 0.0340651 , 0.0340654 , -1.5245
366 , 0.01882 , 0.0188204 , -1.57155
367 , 0.00310454 , 0.00310491 , -1.57931
368 , -0.0126886 , -0.0126882 , -1.54759
369 , -0.0281645 , -0.0281641 , -1.47718
370 , -0.0429363 , -0.0429359 , -1.36984
371 , -0.0566347 , -0.0566343 , -1.22826
372 , -0.0689172 , -0.0689169 , -1.05596
373 , -0.0794768 , -0.0794765 , -0.857272
374 , -0.0880495 , -0.0880492 , -0.637148
375 , -0.0944209 , -0.0944207 , -0.401097
376 , -0.0984318 , -0.0984317 , -0.155018
377 , -0.0999819 , -0.0999818 , 0.094937
378 , -0.0990325 , -0.0990325 , 0.342518
379 , -0.0956072 , -0.0956073 , 0.581536
380 , -0.0897918 , -0.0897919 , 0.806016
381 , -0.0817316 , -0.0817318 , 1.01035
382 , -0.0716281 , -0.0716283 , 1.18942
383 , -0.0597338 , -0.0597341 , 1.33875
384 , -0.0463463 , -0.0463466 , 1.45462
385 , -0.0318001 , -0.0318004 , 1.53412
386 , -0.0164588 , -0.0164593 , 1.57527
387 , -0.000706131 , -0.000706576 , 1.57703
388 , 0.0150642 , 0.0150638 , 1.53937
389 , 0.030458 , 0.0304575 , 1.46323
390 , 0.0450903 , 0.0450898 , 1.35051
391 , 0.0585953 , 0.0585949 , 1.20402
392 , 0.0706354 , 0.0706351 , 1.02743
393 , 0.0809097 , 0.0809094 , 0.825158
394 , 0.0891612 , 0.089161 , 0.602255
395 , 0.0951837 , 0.0951835 , 0.364297
396 , 0.0988266 , 0.0988265 , 0.11723
397 , 0.0999989 , 0.0999988 , -0.132767
398 , 0.0986711 , 0.0986711 , -0.379444
399 , 0.0948766 , 0.0948767 , -0.616636
400 , 0.0887102 , 0.0887103 , -0.838412
401 , 0.080326 , 0.0803262 , -1.03923
402 , 0.0699337 , 0.0699339 , -1.21406
403 , 0.057793 , 0.0577933 , -1.35855
404 , 0.0442075 , 0.0442079 , -1.46907
405 , 0.0295168 , 0.0295172 , -1.54286
406 , 0.0140882 , 0.0140886 , -1.57808
407 , -0.00169259 , -0.00169217 , -1.57385
408 , -0.0174311 , -0.0174307 , -1.53027
409 , -0.0327338 , -0.0327334 , -1.44844
410 , -0.0472182 , -0.0472178 , -1.33039
411 , -0.0605221 , -0.0605217 , -1.17909
412 , -0.072313 , -0.0723126 , -0.998309
413 , -0.082296 , -0.0822957 , -0.792569
414 , -0.0902217 , -0.0902214 , -0.567016
415 , -0.0958918 , -0.0958916 , -0.327287
416 , -0.0991646 , -0.0991644 , -0.0793758
417 , -0.0999583 , -0.0999582 , 0.17052
418 , -0.098253 , -0.098253 , 0.416152
419 , -0.0940914 , -0.0940915 , 0.651381
420 , -0.0875776 , -0.0875777 , 0.870325
421 , -0.0788743 , -0.0788744 , 1.06751
422 , -0.0681991 , -0.0681993 , 1.23801
423 , -0.055819 , -0.0558192 , 1.37756
424 , -0.0420433 , -0.0420436 , 1.48267
425 , -0.0272166 , -0.027217 , 1.55071
426 , -0.0117095 , -0.0117099 , 1.57998
427 , 0.00409032 , 0.00408995 , 1.56976
428 , 0.0197879 , 0.0197875 , 1.52029
429 , 0.0349908 , 0.0349904 , 1.43281
430 , 0.0493189 , 0.0493186 , 1.30952
431 , 0.0624141 , 0.0624137 , 1.15348
432 , 0.0739489 , 0.0739486 , 0.968612
433 , 0.083635 , 0.0836347 , 0.759525
434 , 0.0912302 , 0.0912299 , 0.53145
435 , 0.0965446 , 0.0965444 , 0.290089
436 , 0.0994454 , 0.0994453 , 0.0414757
437 , 0.0998601 , 0.0998601 , -0.208174
438 , 0.0977783 , 0.0977784 , -0.45262
439 , 0.093252 , 0.0932521 , -0.685751
440 , 0.0863945 , 0.0863946 , -0.901737
441 , 0.077377 , 0.0773773 , -1.09518
442 , 0.0664252 , 0.0664255 , -1.26124
443 , 0.0538127 , 0.053813 , -1.39578
444 , 0.0398549 , 0.0398553 , -1.49541
445 , 0.0249007 , 0.0249011 , -1.55767
446 , 0.00932399 , 0.00932443 , -1.58098
447 , -0.00648581 , -0.00648535 , -1.56477
448 , -0.0221335 , -0.022133 , -1.50943
449 , -0.0372278 , -0.0372273 , -1.41636
450 , -0.0513914 , -0.051391 , -1.28789
451 , -0.0642702 , -0.0642698 , -1.12721
452 , -0.0755423 , -0.075542 , -0.938357
453 , -0.0849258 , -0.0849255 , -0.726043
454 , -0.0921862 , -0.092186 , -0.495579
455 , -0.0971419 , -0.0971418 , -0.252724
456 , -0.0996691 , -0.099669 , -0.0035516
457 , -0.0997045 , -0.0997045 , 0.24571
458 , -0.0972474 , -0.0972474 , 0.488828
459 , -0.092359 , -0.0923591 , 0.719726
460 , -0.0851617 , -0.0851619 , 0.932631
461 , -0.0758353 , -0.0758356 , 1.12222
462 , -0.0646131 , -0.0646134 , 1.28375
463 , -0.0517755 , -0.0517758 , 1.41319
464 , -0.0376435 , -0.0376439 , 1.5073
465 , -0.0225705 , -0.0225709 , 1.56373
466 , -0.00693317 , -0.00693359 , 1.58106
467 , 0.00887748 , 0.00887705 , 1.55887
468 , 0.0244662 , 0.0244658 , 1.49771
469 , 0.0394432 , 0.0394428 , 1.3991
470 , 0.0534342 , 0.0534338 , 1.26552
471 , 0.0660893 , 0.066089 , 1.10029
472 , 0.0770922 , 0.0770919 , 0.907563
473 , 0.0861678 , 0.0861675 , 0.692144
474 , 0.0930892 , 0.093089 , 0.459422
475 , 0.0976833 , 0.0976832 , 0.215214
476 , 0.0998354 , 0.0998353 , -0.0343745
477 , 0.0994916 , 0.0994916 , -0.283104
478 , 0.0966605 , 0.0966606 , -0.524755
479 , 0.0914129 , 0.091413 , -0.753287
480 , 0.0838799 , 0.0838801 , -0.962988
481 , 0.07425 , 0.0742503 , -1.14861
482 , 0.0627638 , 0.0627641 , -1.30552
483 , 0.0497085 , 0.0497089 , -1.4298
484 , 0.0354105 , 0.0354109 , -1.51832
485 , 0.0202273 , 0.0202277 , -1.56889
486 , 0.00453832 , 0.00453878 , -1.58024
487 , -0.0112641 , -0.0112636 , -1.55208
488 , -0.0267849 , -0.0267844 , -1.48512
489 , -0.0416361 , -0.0416356 , -1.38103
490 , -0.0554463 , -0.0554459 , -1.24242
491 , -0.0678704 , -0.0678701 , -1.07274
492 , -0.0785978 , -0.0785975 , -0.876247
493 , -0.0873602 , -0.0873599 , -0.657847
494 , -0.0939386 , -0.0939384 , -0.423001
495 , -0.0981686 , -0.0981684 , -0.17758
496 , -0.0999443 , -0.0999442 , 0.0722807
497 , -0.0992215 , -0.0992214 , 0.320334
498 , -0.096018 , -0.0960181 , 0.560379
499 , -0.0904142 , -0.0904143 , 0.786415
500 , -0.08255 , -0.0825501 , 0.99279
501 , -0.072622 , -0.0726222 , 1.17435
502 , -0.0608785 , -0.0608788 , 1.32654
503 , -0.047613 , -0.0476133 , 1.44558
504 , -0.0331572 , -0.0331576 , 1.52847
505 , -0.0178725 , -0.0178729 , 1.57315
506 , -0.00214092 , -0.00214136 , 1.57851
507 , 0.0136441 , 0.0136437 , 1.5444
508 , 0.0290881 , 0.0290877 , 1.47168
509 , 0.0438049 , 0.0438044 , 1.36217
510 , 0.0574265 , 0.0574261 , 1.2186
511 , 0.0696125 , 0.0696121 , 1.04457
512 , 0.0800582 , 0.0800578 , 0.844426
513 , 0.0885024 , 0.0885021 , 0.623171
514 , 0.094734 , 0.0947338 , 0.386337
515 , 0.0985973 , 0.0985972 , 0.139844
516 , 0.0999957 , 0.0999956 , -0.110145
517 , 0.0988942 , 0.0988941 , -0.357381
518 , 0.0953203 , 0.0953203 , -0.595681
519 , 0.0893634 , 0.0893635 , -0.81909
520 , 0.0811724 , 0.0811726 , -1.02202
521 , 0.0709521 , 0.0709524 , -1.1994
522 , 0.058958 , 0.0589584 , -1.3468
523 , 0.04549 , 0.0454904 , -1.46052
524 , 0.0308847 , 0.0308851 , -1.53774
525 , 0.0155073 , 0.0155078 , -1.57651
526 , -0.000257822 , -0.000257303 , -1.57586
527 , -0.0160165 , -0.0160159 , -1.53582
528 , -0.0313747 , -0.0313742 , -1.45739
529 , -0.0459486 , -0.0459481 , -1.34252
530 , -0.0593737 , -0.0593732 , -1.19409
531 , -0.0713145 , -0.0713141 , -1.0158
532 , -0.0814724 , -0.0814721 , -0.81212
533 , -0.0895936 , -0.0895933 , -0.588136
534 , -0.0954749 , -0.0954747 , -0.34945
535 , -0.0989693 , -0.0989691 , -0.102027
536 , -0.0999895 , -0.0999894 , 0.147947
537 , -0.0985099 , -0.0985099 , 0.394221
538 , -0.0945676 , -0.0945677 , 0.630641
539 , -0.0882611 , -0.0882613 , 0.851294
540 , -0.0797481 , -0.0797484 , 1.05067
541 , -0.0692414 , -0.0692417 , 1.22377
542 , -0.0570037 , -0.057004 , 1.36628
543 , -0.0433408 , -0.0433412 , 1.47463
544 , -0.0285945 , -0.0285949 , 1.54612
545 , -0.0131332 , -0.0131337 , 1.57895
546 , 0.00265631 , 0.00265583 , 1.57231
547 , 0.0183795 , 0.018379 , 1.52637
548 , 0.0336431 , 0.0336426 , 1.44226
549 , 0.0480657 , 0.0480652 , 1.3221
550 , 0.0612866 , 0.0612862 , 1.16888
551 , 0.0729754 , 0.072975 , 0.986444
552 , 0.0828398 , 0.0828395 , 0.779346
553 , 0.0906332 , 0.0906329 , 0.552763
554 , 0.0961608 , 0.0961606 , 0.312362
555 , 0.0992843 , 0.0992842 , 0.0641513
556 , 0.0999257 , 0.0999257 , -0.185663
557 , 0.098069 , 0.0980691 , -0.430836
558 , 0.0937606 , 0.0937607 , -0.665237
559 , 0.0871082 , 0.0871083 , -0.883008
560 , 0.078278 , 0.0782783 , -1.0787
561 , 0.0674909 , 0.0674912 , -1.24743
562 , 0.0550165 , 0.0550169 , -1.38497
563 , 0.0411668 , 0.0411672 , -1.48789
564 , 0.0262878 , 0.0262882 , -1.55361
565 , 0.0107517 , 0.0107521 , -1.58049
566 , -0.00505326 , -0.00505281 , -1.56786
567 , -0.0207319 , -0.0207314 , -1.51603
568 , -0.0358922 , -0.0358917 , -1.4263
569 , -0.0501552 , -0.0501548 , -1.30092
570 , -0.0631643 , -0.0631639 , -1.14301
571 , -0.0745943 , -0.074594 , -0.956521
572 , -0.0841595 , -0.0841592 , -0.746123
573 , -0.0916207 , -0.0916204 , -0.517072
574 , -0.0967913 , -0.0967911 , -0.275094
575 , -0.0995422 , -0.0995421 , -0.0262389
576 , -0.0998045 , -0.0998045 , 0.223272
577 , -0.0975717 , -0.0975718 , 0.467202
578 , -0.0928996 , -0.0928997 , 0.699451
579 , -0.0859051 , -0.0859052 , 0.914214
580 , -0.0767629 , -0.0767631 , 1.10612
581 , -0.0657016 , -0.0657019 , 1.27038
582 , -0.0529978 , -0.0529981 , 1.40287
583 , -0.038969 , -0.0389694 , 1.5003
584 , -0.0239661 , -0.0239664 , 1.56021
585 , -0.00836394 , -0.00836433 , 1.58112
586 , 0.00744729 , 0.0074469 , 1.5625
587 , 0.0230723 , 0.0230719 , 1.50482
588 , 0.0381206 , 0.0381202 , 1.40952
589 , 0.0522158 , 0.0522154 , 1.27899
590 , 0.0650056 , 0.0650053 , 1.11647
591 , 0.0761703 , 0.07617 , 0.926048
592 , 0.0854307 , 0.0854305 , 0.712471
593 , 0.0925554 , 0.0925552 , 0.481083
594 , 0.0973662 , 0.097366 , 0.237668
595 , 0.0997428 , 0.0997427 , -0.0116885
596 , 0.0996259 , 0.0996258 , -0.260753
597 , 0.0970183 , 0.0970183 , -0.503299
598 , 0.0919852 , 0.0919853 , -0.733262
599 , 0.0846525 , 0.0846527 , -0.944894
600 , 0.0752036 , 0.0752038 , -1.1329
601 , 0.0638745 , 0.0638747 , -1.29259
602 , 0.0509485 , 0.0509488 , -1.41996
603 , 0.0367489 , 0.0367492 , -1.51184
604 , 0.0216305 , 0.0216309 , -1.56591
605 , 0.00597138 , 0.00597174 , -1.58084
606 , -0.00983704 , -0.00983668 , -1.55625
607 , -0.0253995 , -0.0253992 , -1.49275
608 , -0.040327 , -0.0403267 , -1.39194
609 , -0.0542464 , -0.0542461 , -1.25632
610 , -0.0668096 , -0.0668093 , -1.0893
611 , -0.0777025 , -0.0777022 , -0.895042
612 , -0.0866529 , -0.0866527 , -0.67841
613 , -0.0934369 , -0.0934368 , -0.444818
614 , -0.097885 , -0.0978849 , -0.200106
615 , -0.0998861 , -0.099886 , 0.0496092
616 , -0.0993899 , -0.0993899 , 0.298084
617 , -0.096409 , -0.0964091 , 0.539107
618 , -0.0910179 , -0.091018 , 0.766652
619 , -0.0833513 , -0.0833515 , 0.97503
620 , -0.073601 , -0.0736012 , 1.15903
621 , -0.0620106 , -0.0620108 , 1.31406
622 , -0.04887 , -0.0488702 , 1.43624
623 , -0.0345076 , -0.0345079 , 1.52251
624 , -0.0192825 , -0.0192828 , 1.57071
625 , -0.00357534 , -0.0035757 , 1.57965
626 , 0.0122212 , 0.0122208 , 1.5491
627 , 0.0277122 , 0.0277118 , 1.47982
628 , 0.0425104 , 0.04251 , 1.37355
629 , 0.0562458 , 0.0562455 , 1.23293
630 , 0.0685751 , 0.0685748 , 1.06149
631 , 0.07919 , 0.0791897 , 0.86352
632 , 0.0878251 , 0.0878249 , 0.643958
633 , 0.0942647 , 0.0942645 , 0.408297
634 , 0.0983476 , 0.0983475 , 0.162428
635 , 0.0999718 , 0.0999718 , -0.0875015
636 , 0.0990967 , 0.0990968 , -0.335243
637 , 0.0957442 , 0.0957443 , -0.574604
638 , 0.0899981 , 0.0899983 , -0.7996
639 , 0.082002 , 0.0820023 , -1.00461
640 , 0.0719559 , 0.0719562 , -1.1845
641 , 0.0601109 , 0.0601113 , -1.33477
642 , 0.0467632 , 0.0467635 , -1.45168
643 , 0.0322463 , 0.0322467 , -1.5323
644 , 0.0169233 , 0.0169237 , -1.57461
645 , 0.00117721 , 0.0011776 , -1.57755
646 , -0.0145983 , -0.0145979 , -1.54106
647 , -0.0300089 , -0.0300085 , -1.46604
648 , -0.0446692 , -0.0446689 , -1.35436
649 , -0.0582128 , -0.0582125 , -1.20883
650 , -0.0703011 , -0.0703009 , -1.03308
651 , -0.0806319 , -0.0806317 , -0.831502
652 , -0.0889469 , -0.0889467 , -0.609135
653 , -0.0950382 , -0.095038 , -0.37154
654 , -0.0987535 , -0.0987534 , -0.124657
655 , -0.1 , -0.1 , 0.125343
656 , -0.0987465 , -0.0987466 , 0.37221
657 , -0.0950244 , -0.0950245 , 0.609771
658 , -0.0889266 , -0.0889268 , 0.832088
659 , -0.0806057 , -0.0806059 , 1.0336
660 , -0.0702696 , -0.0702699 , 1.20928
661 , -0.0581768 , -0.0581771 , 1.35472
662 , -0.0446296 , -0.0446299 , 1.46629
663 , -0.0299666 , -0.0299669 , 1.54121
664 , -0.0145545 , -0.0145548 , 1.5776
665 , 0.00122154 , 0.00122117 , 1.57455
666 , 0.016967 , 0.0169666 , 1.53213
667 , 0.0322883 , 0.0322879 , 1.45141
668 , 0.0468024 , 0.046802 , 1.3344
669 , 0.0601464 , 0.0601461 , 1.18404
670 , 0.0719867 , 0.0719865 , 1.00407
671 , 0.0820274 , 0.0820272 , 0.799005
672 , 0.0900174 , 0.0900173 , 0.573962
673 , 0.095757 , 0.0957569 , 0.33457
674 , 0.0991027 , 0.0991026 , 0.0868137
675 , 0.0999708 , 0.0999707 , -0.163113
676 , 0.0983396 , 0.0983396 , -0.408962
677 , 0.0942499 , 0.09425 , -0.644587
678 , 0.087804 , 0.0878041 , -0.864097
679 , 0.079163 , 0.0791631 , -1.062
680 , 0.0685429 , 0.0685431 , -1.23336
681 , 0.0562092 , 0.0562094 , -1.37389
682 , 0.0424703 , 0.0424706 , -1.48006
683 , 0.0276697 , 0.02767 , -1.54924
684 , 0.0121773 , 0.0121776 , -1.57968
685 , -0.00361953 , -0.00361923 , -1.57063
686 , -0.0193259 , -0.0193256 , -1.52232
687 , -0.0345491 , -0.0345488 , -1.43595
688 , -0.0489085 , -0.0489082 , -1.31368
689 , -0.0620453 , -0.062045 , -1.15856
690 , -0.0736309 , -0.0736306 , -0.974488
691 , -0.0833757 , -0.0833755 , -0.766049
692 , -0.0910362 , -0.091036 , -0.538459
693 , -0.0964208 , -0.0964206 , -0.297408
694 , -0.0993948 , -0.0993947 , -0.0489208
695 , -0.0998839 , -0.0998839 , 0.200789
696 , -0.097876 , -0.097876 , 0.445479
697 , -0.0934212 , -0.0934212 , 0.679032
698 , -0.0866308 , -0.0866309 , 0.895609
699 , -0.0776747 , -0.0776748 , 1.0898
700 , -0.0667767 , -0.0667768 , 1.25674
701 , -0.0542093 , -0.0542095 , 1.39226
702 , -0.0402866 , -0.0402868 , 1.49298
703 , -0.0253568 , -0.025357 , 1.55637
704 , -0.00979305 , -0.00979333 , 1.58085
705 , 0.00601551 , 0.00601522 , 1.56582
706 , 0.0216737 , 0.0216734 , 1.51163
707 , 0.03679 , 0.0367897 , 1.41966
708 , 0.0509866 , 0.0509863 , 1.29219
709 , 0.0639085 , 0.0639082 , 1.13242
710 , 0.0752327 , 0.0752325 , 0.944342
711 , 0.0846761 , 0.0846759 , 0.732652
712 , 0.0920026 , 0.0920024 , 0.502646
713 , 0.097029 , 0.0970289 , 0.260074
714 , 0.0996297 , 0.0996296 , 0.0109998
715 , 0.0997397 , 0.0997396 , -0.238349
716 , 0.0973561 , 0.0973561 , -0.481739
717 , 0.0925387 , 0.0925387 , -0.713086
718 , 0.0854078 , 0.0854079 , -0.926606
719 , 0.0761417 , 0.0761418 , -1.11696
720 , 0.064972 , 0.0649722 , -1.27939
721 , 0.0521781 , 0.0521783 , -1.40984
722 , 0.0380797 , 0.0380799 , -1.50504
723 , 0.0230293 , 0.0230296 , -1.56261
724 , 0.00740319 , 0.00740345 , -1.58112
725 , -0.00840801 , -0.00840774 , -1.5601
726 , -0.024009 , -0.0240087 , -1.50008
727 , -0.0390098 , -0.0390095 , -1.40255
728 , -0.0530353 , -0.0530351 , -1.26997
729 , -0.065735 , -0.0657347 , -1.10563
730 , -0.0767912 , -0.076791 , -0.913652
731 , -0.0859277 , -0.0859275 , -0.698833
732 , -0.092916 , -0.0929159 , -0.466544
733 , -0.0975814 , -0.0975813 , -0.22259
734 , -0.0998073 , -0.0998072 , 0.0269277
735 , -0.099538 , -0.0995379 , 0.275773
736 , -0.0967802 , -0.0967802 , 0.517723
737 , -0.0916029 , -0.091603 , 0.74673
738 , -0.0841356 , -0.0841357 , 0.95707
739 , -0.0745648 , -0.074565 , 1.14348
740 , -0.06313 , -0.0631301 , 1.30131
741 , -0.0501169 , -0.0501171 , 1.4266
742 , -0.0358508 , -0.0358511 , 1.51623
743 , -0.0206886 , -0.0206888 , 1.56795
744 , -0.00500904 , -0.0050093 , 1.58047
745 , 0.0107957 , 0.0107954 , 1.55348
746 , 0.0263305 , 0.0263303 , 1.48766
747 , 0.0412071 , 0.0412069 , 1.38464
748 , 0.0550535 , 0.0550533 , 1.24701
749 , 0.0675236 , 0.0675234 , 1.0782
750 , 0.0783056 , 0.0783053 , 0.882437
751 , 0.0871299 , 0.0871297 , 0.664612
752 , 0.093776 , 0.0937758 , 0.430173
753 , 0.0980777 , 0.0980776 , 0.184979
754 , 0.0999274 , 0.0999273 , -0.0648396
755 , 0.099279 , 0.0992789 , -0.313037
756 , 0.0961486 , 0.0961486 , -0.553408
757 , 0.0906144 , 0.0906145 , -0.779945
758 , 0.082815 , 0.0828151 , -0.986982
759 , 0.0729451 , 0.0729452 , -1.16935
760 , 0.0612516 , 0.0612518 , -1.32247
761 , 0.0480268 , 0.048027 , -1.44254
762 , 0.0336014 , 0.0336016 , -1.52655
763 , 0.0183359 , 0.0183361 , -1.57239
764 , 0.002612 , 0.00261227 , -1.57892
765 , -0.0131772 , -0.0131769 , -1.54598
766 , -0.0286369 , -0.0286367 , -1.47438
767 , -0.0433808 , -0.0433805 , -1.36593
768 , -0.0570401 , -0.0570398 , -1.22333
769 , -0.0692734 , -0.0692731 , -1.05015
770 , -0.0797748 , -0.0797746 , -0.850713
771 , -0.088282 , -0.0882818 , -0.630009
772 , -0.094582 , -0.0945819 , -0.393554
773 , -0.0985175 , -0.0985174 , -0.147261
774 , -0.0999901 , -0.09999 , 0.102714
775 , -0.0989629 , -0.0989629 , 0.350121
776 , -0.0954616 , -0.0954617 , 0.588776
777 , -0.0895738 , -0.0895739 , 0.81271
778 , -0.0814467 , -0.0814468 , 1.01633
779 , -0.0712834 , -0.0712835 , 1.19454
780 , -0.059338 , -0.0593382 , 1.34288
781 , -0.0459091 , -0.0459093 , 1.45765
782 , -0.0313325 , -0.0313328 , 1.53599
783 , -0.0159726 , -0.0159729 , 1.57592
784 , -0.000213442 , -0.000213733 , 1.57645
785 , 0.0155511 , 0.0155508 , 1.53758
786 , 0.0309269 , 0.0309266 , 1.46026
787 , 0.0455295 , 0.0455292 , 1.34644
788 , 0.0589938 , 0.0589935 , 1.19895
789 , 0.0709833 , 0.0709831 , 1.0215
790 , 0.0811982 , 0.081198 , 0.818501
791 , 0.0893832 , 0.089383 , 0.595043
792 , 0.0953336 , 0.0953335 , 0.356709
793 , 0.0989007 , 0.0989005 , 0.109458
794 , 0.0999952 , 0.0999951 , -0.14053
795 , 0.0985899 , 0.0985898 , -0.387004
796 , 0.0947198 , 0.0947198 , -0.623804
797 , 0.0884817 , 0.0884817 , -0.845008
798 , 0.0800315 , 0.0800317 , -1.04509
799 , 0.0695806 , 0.0695808 , -1.21904
800 , 0.0573902 , 0.0573904 , -1.36252
801 , 0.043765 , 0.0437652 , -1.47193
802 , 0.0290457 , 0.029046 , -1.54454
803 , 0.0136002 , 0.0136005 , -1.57854
804 , -0.00218521 , -0.00218492 , -1.57308
805 , -0.017916 , -0.0179157 , -1.52829
806 , -0.033199 , -0.0331987 , -1.4453
807 , -0.0476519 , -0.0476516 , -1.32617
808 , -0.0609136 , -0.0609133 , -1.17388
809 , -0.0726524 , -0.0726521 , -0.992254
810 , -0.0825749 , -0.0825747 , -0.785817
811 , -0.090433 , -0.0904329 , -0.559735
812 , -0.0960303 , -0.0960302 , -0.319659
813 , -0.0992269 , -0.0992268 , -0.0715924
814 , -0.0999428 , -0.0999427 , 0.178264
815 , -0.0981601 , -0.0981601 , 0.423665
816 , -0.0939234 , -0.0939234 , 0.658473
817 , -0.0873386 , -0.0873387 , 0.87682
818 , -0.0785704 , -0.0785705 , 1.07325
819 , -0.0678379 , -0.067838 , 1.24284
820 , -0.0554094 , -0.0554096 , 1.38137
821 , -0.0415957 , -0.041596 , 1.48536
822 , -0.0267422 , -0.0267424 , 1.55221
823 , -0.01122 , -0.0112203 , 1.58026
824 , 0.0045826 , 0.00458232 , 1.56881
825 , 0.0202707 , 0.0202704 , 1.51813
826 , 0.035452 , 0.0354517 , 1.4295
827 , 0.049747 , 0.0497467 , 1.30513
828 , 0.0627983 , 0.062798 , 1.14814
829 , 0.0742796 , 0.0742794 , 0.962441
830 , 0.083904 , 0.0839038 , 0.752681
831 , 0.0914308 , 0.0914306 , 0.524104
832 , 0.0966718 , 0.0966717 , 0.282425
833 , 0.099496 , 0.0994959 , 0.0336854
834 , 0.0998328 , 0.0998328 , -0.215897
835 , 0.0976738 , 0.0976738 , -0.460081
836 , 0.093073 , 0.093073 , -0.692764
837 , 0.0861453 , 0.0861454 , -0.908127
838 , 0.077064 , 0.0770641 , -1.10079
839 , 0.0660561 , 0.0660562 , -1.26593
840 , 0.0533968 , 0.053397 , -1.39942
841 , 0.0394025 , 0.0394028 , -1.49793
842 , 0.0244232 , 0.0244235 , -1.55899
843 , 0.00883334 , 0.00883362 , -1.58107
844 , -0.00697738 , -0.00697708 , -1.56363
845 , -0.0226137 , -0.0226134 , -1.50709
846 , -0.0376846 , -0.0376843 , -1.41288
847 , -0.0518134 , -0.0518131 , -1.28335
848 , -0.0646469 , -0.0646466 , -1.12173
849 , -0.0758642 , -0.075864 , -0.932074
850 , -0.0851849 , -0.0851847 , -0.719112
851 , -0.092376 , -0.0923758 , -0.488173
852 , -0.0972577 , -0.0972575 , -0.245029
853 , -0.0997079 , -0.0997078 , 0.00424084
854 , -0.0996655 , -0.0996654 , 0.253404
855 , -0.0971314 , -0.0971314 , 0.496233
856 , -0.092169 , -0.0921691 , 0.726655
857 , -0.0849024 , -0.0849025 , 0.938912
858 , -0.0755132 , -0.0755134 , 1.1277
859 , -0.0642362 , -0.0642364 , 1.28829
860 , -0.0513534 , -0.0513536 , 1.41667
861 , -0.0371866 , -0.0371869 , 1.50964
862 , -0.0220902 , -0.0220905 , 1.56486
863 , -0.00644158 , -0.00644186 , 1.58097
864 , 0.00936811 , 0.00936782 , 1.55755
865 , 0.0249436 , 0.0249433 , 1.49519
866 , 0.0398955 , 0.0398952 , 1.39545
867 , 0.05385 , 0.0538497 , 1.26083
868 , 0.0664582 , 0.066458 , 1.09468
869 , 0.077405 , 0.0774048 , 0.901171
870 , 0.0864167 , 0.0864166 , 0.68513
871 , 0.093268 , 0.0932679 , 0.45196
872 , 0.0977875 , 0.0977874 , 0.207491
873 , 0.0998624 , 0.0998624 , -0.0421645
874 , 0.0994407 , 0.0994407 , -0.290766
875 , 0.096533 , 0.0965331 , -0.532099
876 , 0.091212 , 0.0912121 , -0.760129
877 , 0.0836106 , 0.0836108 , -0.969156
878 , 0.073919 , 0.0739192 , -1.15395
879 , 0.0623794 , 0.0623797 , -1.3099
880 , 0.0492804 , 0.0492806 , -1.4331
881 , 0.0349493 , 0.0349496 , -1.52048
882 , 0.0197445 , 0.0197448 , -1.56984
883 , 0.00404609 , 0.0040464 , -1.57996
884 , -0.0117535 , -0.0117532 , -1.55057
885 , -0.0272592 , -0.0272589 , -1.48243
886 , -0.0420835 , -0.0420832 , -1.37722
887 , -0.0558556 , -0.0558554 , -1.23758
888 , -0.0682314 , -0.0682312 , -1.067
889 , -0.0789014 , -0.0789012 , -0.869749
890 , -0.0875989 , -0.0875987 , -0.650753
891 , -0.0941064 , -0.0941062 , -0.415487
892 , -0.0982612 , -0.0982611 , -0.169835
893 , -0.0999595 , -0.0999594 , 0.080064
894 , -0.0991588 , -0.0991588 , 0.327961
895 , -0.0958792 , -0.0958792 , 0.567659
896 , -0.0902025 , -0.0902026 , 0.793165
897 , -0.0822708 , -0.0822709 , 0.998843
898 , -0.0722824 , -0.0722825 , 1.17955
899 , -0.0604868 , -0.060487 , 1.33077
900 , -0.0471792 , -0.0471793 , 1.44871
901 , -0.032692 , -0.0326922 , 1.53045
902 , -0.0173875 , -0.0173877 , 1.57391
903 , -0.00164835 , -0.0016486 , 1.57804
904 , 0.014132 , 0.0141318 , 1.54271
905 , 0.0295591 , 0.0295588 , 1.46881
906 , 0.0442472 , 0.0442469 , 1.35819
907 , 0.0578291 , 0.0578288 , 1.21362
908 , 0.0699653 , 0.069965 , 1.03871
909 , 0.0803523 , 0.0803521 , 0.837827
910 , 0.0887306 , 0.0887304 , 0.616001
911 , 0.0948906 , 0.0948904 , 0.378775
912 , 0.0986783 , 0.0986782 , 0.13208
913 , 0.099999 , 0.099999 , -0.117917
914 , 0.0988198 , 0.0988198 , -0.364967
915 , 0.0951701 , 0.0951701 , -0.602892
916 , 0.0891412 , 0.0891412 , -0.825745
917 , 0.0808837 , 0.0808838 , -1.02795
918 , 0.0706041 , 0.0706042 , -1.20447
919 , 0.0585594 , 0.0585596 , -1.35086
920 , 0.0450507 , 0.0450509 , -1.46349
921 , 0.0304158 , 0.030416 , -1.53953
922 , 0.0150205 , 0.0150207 , -1.57708
923 , -0.000750371 , -0.000750142 , -1.57521
924 , -0.0165025 , -0.0165022 , -1.53395
925 , -0.031842 , -0.0318417 , -1.45435
926 , -0.0463855 , -0.0463852 , -1.33838
927 , -0.0597693 , -0.0597691 , -1.18896
928 , -0.0716589 , -0.0716587 , -1.00982
929 , -0.081757 , -0.0817568 , -0.805423
930 , -0.0898113 , -0.0898111 , -0.580896
931 , -0.0956202 , -0.09562 , -0.341846
932 , -0.0990386 , -0.0990385 , -0.0942495
933 , -0.0999811 , -0.099981 , 0.155703
934 , -0.098424 , -0.0984239 , 0.401763
935 , -0.0944063 , -0.0944063 , 0.637779
936 , -0.0880285 , -0.0880285 , 0.85785
937 , -0.07945 , -0.07945 , 1.05647
938 , -0.0688852 , -0.0688853 , 1.22869
939 , -0.0565983 , -0.0565984 , 1.37018
940 , -0.0428964 , -0.0428966 , 1.47743
941 , -0.0281221 , -0.0281223 , 1.54773
942 , -0.0126448 , -0.012645 , 1.57934
943 , 0.0031487 , 0.00314845 , 1.57147
944 , 0.0188634 , 0.0188632 , 1.52431
945 , 0.0341066 , 0.0341063 , 1.43905
946 , 0.0484971 , 0.0484968 , 1.31781
947 , 0.0616752 , 0.0616749 , 1.16362
948 , 0.0733113 , 0.0733111 , 0.980342
949 , 0.0831147 , 0.0831145 , 0.772556
950 , 0.0908403 , 0.0908401 , 0.545456
951 , 0.0962948 , 0.0962946 , 0.304719
952 , 0.099342 , 0.0993418 , 0.0563646
953 , 0.0999056 , 0.0999054 , -0.193399
954 , 0.0979715 , 0.0979715 , -0.438328
955 , 0.0935882 , 0.0935882 , -0.672298
956 , 0.0868652 , 0.0868652 , -0.889461
957 , 0.0779705 , 0.0779706 , -1.08439
958 , 0.0671266 , 0.0671267 , -1.2522
959 , 0.0546045 , 0.0546047 , -1.38872
960 , 0.0407173 , 0.0407175 , -1.49051
961 , 0.0258122 , 0.0258124 , -1.55504
962 , 0.0102618 , 0.010262 , -1.5807
963 , -0.00554521 , -0.00554495 , -1.56683
964 , -0.0212136 , -0.0212133 , -1.5138
965 , -0.0363516 , -0.0363513 , -1.42292
966 , -0.0505808 , -0.0505805 , -1.29647
967 , -0.0635455 , -0.0635452 , -1.13761
968 , -0.0749216 , -0.0749213 , -0.950305
969 , -0.0844246 , -0.0844243 , -0.739244
970 , -0.091817 , -0.0918168 , -0.509702
971 , -0.096914 , -0.0969138 , -0.267417
972 , -0.0995881 , -0.099588 , -0.0184475
973 , -0.0997726 , -0.0997724 , 0.230984
974 , -0.0974627 , -0.0974626 , 0.47464
975 , -0.0927162 , -0.0927162 , 0.706431
976 , -0.0856519 , -0.0856519 , 0.92056
977 , -0.0764463 , -0.0764463 , 1.11168
978 , -0.0653294 , -0.0653295 , 1.275
979 , -0.0525794 , -0.0525795 , 1.40645
980 , -0.0385149 , -0.038515 , 1.50274
981 , -0.0234875 , -0.0234877 , 1.56146
982 , -0.00787292 , -0.00787313 , 1.58114
983 , 0.00793849 , 0.00793825 , 1.56129
984 , 0.0235514 , 0.0235512 , 1.50241
985 , 0.0385756 , 0.0385753 , 1.40598
986 , 0.0526353 , 0.0526351 , 1.27439
987 , 0.0653792 , 0.065379 , 1.11094
988 , 0.0764886 , 0.0764884 , 0.91972
989 , 0.0856858 , 0.0856856 , 0.705506
990 , 0.0927409 , 0.0927407 , 0.473655
991 , 0.0974774 , 0.0974772 , 0.229962
992 , 0.099777 , 0.0997768 , -0.0194803
993 , 0.0995821 , 0.099582 , -0.268435
994 , 0.0968977 , 0.0968977 , -0.51068
995 , 0.0917909 , 0.0917909 , -0.740157
996 , 0.0843893 , 0.0843893 , -0.95113
997 , 0.074878 , 0.074878 , -1.13833
998 , 0.0634947 , 0.0634948 , -1.29706
999 , 0.050524 , 0.0505241 , -1.42337
1000 , 0.0362903 , 0.0362904 , -1.5141
1001 , 0.0211492 , 0.0211494 , -1.56697
1002 , 0.0054795 , 0.00547971 , -1.58067
1003 , -0.0103272 , -0.010327 , -1.55485
1004 , -0.0258758 , -0.0258755 , -1.49016
1005 , -0.0407774 , -0.0407772 , -1.38822
1006 , -0.0546597 , -0.0546594 , -1.25157
1007 , -0.0671754 , -0.0671751 , -1.08364
1008 , -0.0780117 , -0.0780115 , -0.888607
1009 , -0.0868978 , -0.0868976 , -0.671363
1010 , -0.0936114 , -0.0936112 , -0.437335
1011 , -0.0979847 , -0.0979845 , -0.192374
1012 , -0.0999084 , -0.0999083 , 0.0573971
1013 , -0.0993344 , -0.0993343 , 0.305733
1014 , -0.096277 , -0.096277 , 0.546425
1015 , -0.0908128 , -0.0908127 , 0.773457
1016 , -0.0830781 , -0.0830782 , 0.981152
1017 , -0.0732666 , -0.0732666 , 1.16432
1018 , -0.0616233 , -0.0616234 , 1.31838
1019 , -0.0484395 , -0.0484397 , 1.43948
1020 , -0.0340447 , -0.0340449 , 1.52459
1021 , -0.0187988 , -0.018799 , 1.57159
1022 , -0.00308292 , -0.00308314 , 1.57929
1023 , 0.01271 , 0.0127098 , 1.54752
1024 , 0.0281853 , 0.028185 , 1.47706
1025 , 0.0429558 , 0.0429556 , 1.36967
1026 , 0.0566525 , 0.0566523 , 1.22804
1027 , 0.0689329 , 0.0689326 , 1.05571
1028 , 0.07949 , 0.0794897 , 0.856982
1029 , 0.0880598 , 0.0880595 , 0.636833
1030 , 0.0944281 , 0.0944279 , 0.400763
1031 , 0.0984357 , 0.0984355 , 0.154675
1032 , 0.0999824 , 0.0999822 , -0.0952809
1033 , 0.0990296 , 0.0990294 , -0.342854
1034 , 0.095601 , 0.0956009 , -0.581857
1035 , 0.0897824 , 0.0897823 , -0.806312
1036 , 0.0817192 , 0.0817192 , -1.01061
1037 , 0.0716131 , 0.0716131 , -1.18964
1038 , 0.0597166 , 0.0597167 , -1.33893
1039 , 0.0463272 , 0.0463273 , -1.45475
1040 , 0.0317796 , 0.0317798 , -1.5342
1041 , 0.0164376 , 0.0164378 , -1.5753
1042 , 0.000684575 , 0.000684792 , -1.57701
1043 , -0.0150855 , -0.0150853 , -1.5393
1044 , -0.0304785 , -0.0304783 , -1.4631
1045 , -0.0451095 , -0.0451092 , -1.35033
1046 , -0.0586128 , -0.0586125 , -1.2038
1047 , -0.0706507 , -0.0706505 , -1.02717
1048 , -0.0809224 , -0.0809222 , -0.824864
1049 , -0.089171 , -0.0891708 , -0.601937
1050 , -0.0951904 , -0.0951902 , -0.363961
1051 , -0.0988299 , -0.0988298 , -0.116887
1052 , -0.0999988 , -0.0999987 , 0.13311
1053 , -0.0986676 , -0.0986676 , 0.379779
1054 , -0.0948698 , -0.0948698 , 0.616953
1055 , -0.0887002 , -0.0887002 , 0.838704
1056 , -0.0803132 , -0.0803132 , 1.03949
1057 , -0.0699183 , -0.0699183 , 1.21428
1058 , -0.0577754 , -0.0577755 , 1.35872
1059 , -0.0441881 , -0.0441883 , 1.46919
1060 , -0.0294962 , -0.0294964 , 1.54293
1061 , -0.0140668 , -0.0140671 , 1.5781
1062 , 0.00171419 , 0.00171395 , 1.57382
1063 , 0.0174524 , 0.0174521 , 1.53019
1064 , 0.0327542 , 0.032754 , 1.4483
1065 , 0.0472372 , 0.047237 , 1.33021
1066 , 0.0605393 , 0.060539 , 1.17886
1067 , 0.0723279 , 0.0723277 , 0.998042
1068 , 0.0823083 , 0.0823081 , 0.792271
1069 , 0.090231 , 0.0902308 , 0.566694
1070 , 0.0958979 , 0.0958977 , 0.32695
1071 , 0.0991674 , 0.0991672 , 0.079032
1072 , 0.0999577 , 0.0999576 , -0.170862
1073 , 0.098249 , 0.0982489 , -0.416484
1074 , 0.0940841 , 0.0940841 , -0.651694
1075 , 0.0875672 , 0.0875672 , -0.870612
1076 , 0.078861 , 0.078861 , -1.06776
1077 , 0.0681833 , 0.0681834 , -1.23822
1078 , 0.055801 , 0.0558011 , -1.37773
1079 , 0.0420237 , 0.0420239 , -1.48279
1080 , 0.0271958 , 0.027196 , -1.55078
1081 , 0.011688 , 0.0116883 , -1.58
1082 , -0.00411196 , -0.00411171 , -1.56972
1083 , -0.0198091 , -0.0198089 , -1.5202
1084 , -0.0350111 , -0.0350108 , -1.43267
1085 , -0.0493378 , -0.0493375 , -1.30932
1086 , -0.062431 , -0.0624308 , -1.15325
1087 , -0.0739635 , -0.0739632 , -0.96834
1088 , -0.0836468 , -0.0836466 , -0.759223
1089 , -0.0912391 , -0.0912389 , -0.531126
1090 , -0.0965503 , -0.0965501 , -0.28975
1091 , -0.0994477 , -0.0994476 , -0.0411314
1092 , -0.099859 , -0.0998589 , 0.208516
1093 , -0.0977738 , -0.0977738 , 0.45295
1094 , -0.0932443 , -0.0932443 , 0.686061
1095 , -0.0863836 , -0.0863837 , 0.90202
1096 , -0.0773634 , -0.0773635 , 1.09543
1097 , -0.0664091 , -0.0664092 , 1.26145
1098 , -0.0537945 , -0.0537947 , 1.39594
1099 , -0.0398351 , -0.0398353 , 1.49553
1100 , -0.0248798 , -0.02488 , 1.55773
1101 , -0.00930255 , -0.00930274 , 1.58098
1102 , 0.0065073 , 0.0065071 , 1.56472
1103 , 0.0221545 , 0.0221543 , 1.50933
1104 , 0.0372478 , 0.0372476 , 1.41621
1105 , 0.0514099 , 0.0514097 , 1.28769
1106 , 0.0642867 , 0.0642865 , 1.12697
1107 , 0.0755564 , 0.0755562 , 0.93808
1108 , 0.0849372 , 0.084937 , 0.725737
1109 , 0.0921946 , 0.0921944 , 0.495251
1110 , 0.097147 , 0.0971469 , 0.252384
1111 , 0.0996709 , 0.0996708 , 0.00320721
1112 , 0.0997029 , 0.0997028 , -0.24605
1113 , 0.0972424 , 0.0972423 , -0.489156
1114 , 0.0923508 , 0.0923508 , -0.720033
1115 , 0.0851504 , 0.0851505 , -0.932909
1116 , 0.0758213 , 0.0758214 , -1.12246
1117 , 0.0645966 , 0.0645967 , -1.28395
1118 , 0.0517571 , 0.0517572 , -1.41335
1119 , 0.0376236 , 0.0376237 , -1.50741
1120 , 0.0225495 , 0.0225497 , -1.56378
1121 , 0.00691168 , 0.00691186 , -1.58106
1122 , -0.00889893 , -0.00889874 , -1.55881
1123 , -0.0244871 , -0.0244869 , -1.4976
1124 , -0.039463 , -0.0394628 , -1.39894
1125 , -0.0534524 , -0.0534522 , -1.26531
1126 , -0.0661055 , -0.0661053 , -1.10005
1127 , -0.0771059 , -0.0771058 , -0.907281
1128 , -0.0861787 , -0.0861786 , -0.691834
1129 , -0.0930971 , -0.0930969 , -0.459092
1130 , -0.0976879 , -0.0976878 , -0.214873
1131 , -0.0998366 , -0.0998366 , 0.0347189
1132 , -0.0994894 , -0.0994894 , 0.283442
1133 , -0.096655 , -0.096655 , 0.52508
1134 , -0.0914041 , -0.0914042 , 0.75359
1135 , -0.0838682 , -0.0838683 , 0.963261
1136 , -0.0742356 , -0.0742357 , 1.14885
1137 , -0.0627471 , -0.0627472 , 1.30572
1138 , -0.0496899 , -0.04969 , 1.42994
1139 , -0.0353904 , -0.0353906 , 1.51842
1140 , -0.0202062 , -0.0202064 , 1.56894
1141 , -0.00451687 , -0.00451701 , 1.58023
1142 , 0.0112854 , 0.0112853 , 1.55201
1143 , 0.0268056 , 0.0268054 , 1.485
1144 , 0.0416556 , 0.0416554 , 1.38086
1145 , 0.0554642 , 0.055464 , 1.2422
1146 , 0.0678862 , 0.0678861 , 1.07249
1147 , 0.078611 , 0.0786109 , 0.87596
1148 , 0.0873706 , 0.0873705 , 0.657534
1149 , 0.0939459 , 0.0939459 , 0.422669
1150 , 0.0981726 , 0.0981726 , 0.177237
1151 , 0.099945 , 0.0999449 , -0.0726249
1152 , 0.0992187 , 0.0992187 , -0.320672
1153 , 0.0960119 , 0.096012 , -0.560701
1154 , 0.0904049 , 0.090405 , -0.786714
1155 , 0.0825377 , 0.0825378 , -0.993058
1156 , 0.0726071 , 0.0726072 , -1.17458
1157 , 0.0608613 , 0.0608615 , -1.32673
1158 , 0.047594 , 0.0475942 , -1.44572
1159 , 0.0331368 , 0.033137 , -1.52856
1160 , 0.0178512 , 0.0178514 , -1.57319
1161 , 0.00211937 , 0.00211956 , -1.57849
1162 , -0.0136655 , -0.0136653 , -1.54432
1163 , -0.0291087 , -0.0291085 , -1.47155
1164 , -0.0438242 , -0.043824 , -1.36199
1165 , -0.0574441 , -0.0574439 , -1.21838
1166 , -0.0696279 , -0.0696278 , -1.04431
1167 , -0.080071 , -0.0800709 , -0.844135
1168 , -0.0885123 , -0.0885122 , -0.622854
1169 , -0.0947409 , -0.0947408 , -0.386002
1170 , -0.0986009 , -0.0986008 , -0.1395
1171 , -0.0999958 , -0.0999958 , 0.110489
1172 , -0.0988909 , -0.0988909 , 0.357716
1173 , -0.0953137 , -0.0953137 , 0.596001
1174 , -0.0893537 , -0.0893537 , 0.819385
1175 , -0.0811598 , -0.0811599 , 1.02228
1176 , -0.0709369 , -0.070937 , 1.19963
1177 , -0.0589406 , -0.0589407 , 1.34698
1178 , -0.0454708 , -0.045471 , 1.46066
1179 , -0.0308642 , -0.0308644 , 1.53782
1180 , -0.015486 , -0.0154862 , 1.57653
1181 , 0.000279307 , 0.000279105 , 1.57584
1182 , 0.0160377 , 0.0160375 , 1.53574
1183 , 0.0313951 , 0.0313949 , 1.45725
1184 , 0.0459676 , 0.0459674 , 1.34234
1185 , 0.059391 , 0.0593908 , 1.19386
1186 , 0.0713296 , 0.0713294 , 1.01554
1187 , 0.0814849 , 0.0814847 , 0.811824
1188 , 0.0896031 , 0.0896029 , 0.587816
1189 , 0.0954813 , 0.0954811 , 0.349114
1190 , 0.0989724 , 0.0989722 , 0.101683
1191 , 0.0999892 , 0.0999891 , -0.14829
1192 , 0.0985062 , 0.0985062 , -0.394555
1193 , 0.0945607 , 0.0945606 , -0.630957
1194 , 0.0882511 , 0.0882511 , -0.851584
1195 , 0.0797352 , 0.0797352 , -1.05092
1196 , 0.0692259 , 0.069226 , -1.22399
1197 , 0.056986 , 0.0569861 , -1.36645
1198 , 0.0433215 , 0.0433216 , -1.47476
1199 , 0.0285739 , 0.028574 , -1.54619
1200 , 0.013112 , 0.0131121 , -1.57897
1201 , -0.00267776 , -0.00267761 , -1.57228
1202 , -0.0184006 , -0.0184004 , -1.52628
1203 , -0.0336633 , -0.0336632 , -1.44212
1204 , -0.0480845 , -0.0480844 , -1.32191
1205 , -0.0613036 , -0.0613034 , -1.16865
1206 , -0.0729901 , -0.0729899 , -0.986175
1207 , -0.0828518 , -0.0828517 , -0.779046
1208 , -0.0906422 , -0.0906421 , -0.55244
1209 , -0.0961666 , -0.0961665 , -0.312024
1210 , -0.0992868 , -0.0992868 , -0.0638071
1211 , -0.0999249 , -0.0999248 , 0.186005
1212 , -0.0980648 , -0.0980648 , 0.431167
1213 , -0.0937531 , -0.0937531 , 0.66555
1214 , -0.0870975 , -0.0870976 , 0.883294
1215 , -0.0782646 , -0.0782647 , 1.07896
1216 , -0.067475 , -0.0674751 , 1.24764
1217 , -0.0549985 , -0.0549987 , 1.38514
1218 , -0.0411471 , -0.0411473 , 1.48801
1219 , -0.026267 , -0.0262672 , 1.55368
1220 , -0.0107303 , -0.0107304 , 1.5805
1221 , 0.00507477 , 0.00507458 , 1.56782
1222 , 0.0207529 , 0.0207527 , 1.51593
1223 , 0.0359123 , 0.0359121 , 1.42615
1224 , 0.0501738 , 0.0501736 , 1.30072
1225 , 0.063181 , 0.0631808 , 1.14277
1226 , 0.0746086 , 0.0746085 , 0.956247
1227 , 0.0841711 , 0.084171 , 0.745819
1228 , 0.0916293 , 0.0916291 , 0.516746
1229 , 0.0967967 , 0.0967966 , 0.274755
1230 , 0.0995442 , 0.0995442 , 0.0258944
1231 , 0.0998031 , 0.0998031 , -0.223613
1232 , 0.097567 , 0.097567 , -0.467531
1233 , 0.0928916 , 0.0928917 , -0.69976
1234 , 0.085894 , 0.0858941 , -0.914495
1235 , 0.076749 , 0.0767491 , -1.10637
1236 , 0.0656853 , 0.0656854 , -1.27058
1237 , 0.0529795 , 0.0529796 , -1.40303
1238 , 0.0389492 , 0.0389493 , -1.5004
1239 , 0.0239451 , 0.0239453 , -1.56027
1240 , 0.00834244 , 0.00834262 , -1.58112
1241 , -0.0074688 , -0.00746862 , -1.56245
1242 , -0.0230933 , -0.0230931 , -1.50472
1243 , -0.0381405 , -0.0381403 , -1.40937
1244 , -0.0522342 , -0.052234 , -1.27878
1245 , -0.065022 , -0.0650218 , -1.11623
1246 , -0.0761842 , -0.0761841 , -0.925768
1247 , -0.0854419 , -0.0854418 , -0.712164
1248 , -0.0925635 , -0.0925634 , -0.480755
1249 , -0.097371 , -0.097371 , -0.237328
1250 , -0.0997443 , -0.0997443 , 0.0120331
1251 , -0.0996239 , -0.0996239 , 0.261093
1252 , -0.0970129 , -0.097013 , 0.503625
1253 , -0.0919767 , -0.0919767 , 0.733567
1254 , -0.084641 , -0.0846411 , 0.94517
1255 , -0.0751892 , -0.0751894 , 1.13314
1256 , -0.0638578 , -0.0638579 , 1.29279
1257 , -0.0509299 , -0.0509301 , 1.42011
1258 , -0.0367288 , -0.0367289 , 1.51194
1259 , -0.0216094 , -0.0216096 , 1.56596
1260 , -0.00594982 , -0.00594997 , 1.58083
1261 , 0.00985851 , 0.00985837 , 1.55619
1262 , 0.0254204 , 0.0254203 , 1.49264
1263 , 0.0403468 , 0.0403466 , 1.39177
1264 , 0.0542644 , 0.0542644 , 1.25611
1265 , 0.0668255 , 0.0668255 , 1.08905
1266 , 0.077716 , 0.0777159 , 0.894757
1267 , 0.0866635 , 0.0866635 , 0.678098
1268 , 0.0934445 , 0.0934445 , 0.444487
1269 , 0.0978893 , 0.0978894 , 0.199764
1270 , 0.0998869 , 0.099887 , -0.0499538
1271 , 0.0993874 , 0.0993875 , -0.298422
1272 , 0.0964031 , 0.0964032 , -0.53943
1273 , 0.0910088 , 0.0910089 , -0.766953
1274 , 0.0833393 , 0.0833394 , -0.975301
1275 , 0.0735862 , 0.0735864 , -1.15927
1276 , 0.0619936 , 0.0619937 , -1.31425
1277 , 0.048851 , 0.0488512 , -1.43638
1278 , 0.0344872 , 0.0344874 , -1.5226
1279 , 0.0192612 , 0.0192614 , -1.57075
1280 , 0.00355374 , 0.00355391 , -1.57964
1281 , -0.0122426 , -0.0122425 , -1.54903
1282 , -0.0277329 , -0.0277328 , -1.4797
1283 , -0.0425299 , -0.0425297 , -1.37337
1284 , -0.0562636 , -0.0562635 , -1.23272
1285 , -0.0685907 , -0.0685906 , -1.06124
1286 , -0.0792031 , -0.079203 , -0.863231
1287 , -0.0878354 , -0.0878353 , -0.643643
1288 , -0.0942718 , -0.0942718 , -0.407963
1289 , -0.0983514 , -0.0983514 , -0.162085
1290 , -0.0999722 , -0.0999722 , 0.0878457
1291 , -0.0990937 , -0.0990938 , 0.33558
1292 , -0.0957379 , -0.095738 , 0.574925
1293 , -0.0899886 , -0.0899887 , 0.799897
1294 , -0.0819896 , -0.0819898 , 1.00487
1295 , -0.0719409 , -0.0719411 , 1.18472
1296 , -0.0600936 , -0.0600938 , 1.33496
1297 , -0.046744 , -0.0467442 , 1.45182
1298 , -0.0322259 , -0.032226 , 1.53238
1299 , -0.016902 , -0.0169022 , 1.57464
1300 , -0.00115561 , -0.00115581 , 1.57753
1301 , 0.0146197 , 0.0146195 , 1.54098
1302 , 0.0300295 , 0.0300293 , 1.46591
1303 , 0.0446885 , 0.0446884 , 1.35419
1304 , 0.0582304 , 0.0582302 , 1.20861
1305 , 0.0703164 , 0.0703163 , 1.03282
1306 , 0.0806446 , 0.0806445 , 0.831209
1307 , 0.0889567 , 0.0889566 , 0.608817
1308 , 0.0950448 , 0.0950448 , 0.371205
1309 , 0.0987568 , 0.0987568 , 0.124313
1310 , 0.0999999 , 0.1 , -0.125687
1311 , 0.098743 , 0.0987431 , -0.372545
1312 , 0.0950176 , 0.0950176 , -0.610089
1313 , 0.0889166 , 0.0889168 , -0.832381
1314 , 0.0805928 , 0.080593 , -1.03386
1315 , 0.0702541 , 0.0702543 , -1.2095
1316 , 0.0581591 , 0.0581593 , -1.3549
1317 , 0.0446101 , 0.0446104 , -1.46642
1318 , 0.0299459 , 0.0299461 , -1.54129
1319 , 0.014533 , 0.0145333 , -1.57762
1320 , -0.0012432 , -0.00124295 , -1.57451
1321 , -0.0169883 , -0.0169881 , -1.53204
1322 , -0.0323088 , -0.0323085 , -1.45127
1323 , -0.0468215 , -0.0468213 , -1.33422
1324 , -0.0601636 , -0.0601635 , -1.18381
1325 , -0.0720017 , -0.0720016 , -1.00381
1326 , -0.0820397 , -0.0820396 , -0.798708
1327 , -0.0900268 , -0.0900267 , -0.573641
1328 , -0.0957631 , -0.0957631 , -0.334233
1329 , -0.0991054 , -0.0991054 , -0.0864697
1330 , -0.0999701 , -0.0999701 , 0.163456
1331 , -0.0983355 , -0.0983356 , 0.409295
1332 , -0.0942425 , -0.0942426 , 0.644901
1333 , -0.0877934 , -0.0877936 , 0.864385
1334 , -0.0791495 , -0.0791498 , 1.06226
1335 , -0.0685269 , -0.0685272 , 1.23358
1336 , -0.0561911 , -0.0561914 , 1.37406
1337 , -0.0424505 , -0.0424508 , 1.48018
1338 , -0.0276487 , -0.027649 , 1.54931
1339 , -0.0121556 , -0.012156 , 1.5797
1340 , 0.00364131 , 0.003641 , 1.57059
1341 , 0.0193472 , 0.0193469 , 1.52223
1342 , 0.0345695 , 0.0345692 , 1.4358
1343 , 0.0489275 , 0.0489272 , 1.31348
1344 , 0.0620623 , 0.0620621 , 1.15833
1345 , 0.0736455 , 0.0736454 , 0.974216
1346 , 0.0833877 , 0.0833875 , 0.765747
1347 , 0.0910451 , 0.091045 , 0.538135
1348 , 0.0964264 , 0.0964264 , 0.297069
1349 , 0.099397 , 0.099397 , 0.0485765
1350 , 0.0998827 , 0.0998828 , -0.201131
1351 , 0.0978714 , 0.0978715 , -0.445809
1352 , 0.0934133 , 0.0934134 , -0.679343
1353 , 0.0866198 , 0.08662 , -0.895893
1354 , 0.0776608 , 0.0776611 , -1.09005
1355 , 0.0667603 , 0.0667606 , -1.25695
1356 , 0.0541908 , 0.0541911 , -1.39242
1357 , 0.0402666 , 0.0402669 , -1.49309
1358 , 0.0253357 , 0.025336 , -1.55643
1359 , 0.00977134 , 0.00977165 , -1.58086
1360 , -0.00603727 , -0.00603696 , -1.56577
1361 , -0.0216949 , -0.0216946 , -1.51153
1362 , -0.0368102 , -0.03681 , -1.41951
1363 , -0.0510053 , -0.051005 , -1.29199
1364 , -0.0639252 , -0.063925 , -1.13218
1365 , -0.075247 , -0.0752468 , -0.944065
1366 , -0.0846876 , -0.0846874 , -0.732346
1367 , -0.092011 , -0.0920109 , -0.502319
1368 , -0.0970342 , -0.0970341 , -0.259734
1369 , -0.0996314 , -0.0996314 , -0.0106552
1370 , -0.0997379 , -0.099738 , 0.23869
1371 , -0.097351 , -0.0973511 , 0.482067
1372 , -0.0925303 , -0.0925304 , 0.713394
1373 , -0.0853963 , -0.0853965 , 0.926885
1374 , -0.0761274 , -0.0761276 , 1.1172
1375 , -0.0649553 , -0.0649556 , 1.27959
1376 , -0.0521594 , -0.0521597 , 1.40999
1377 , -0.0380594 , -0.0380597 , 1.50514
1378 , -0.023008 , -0.0230083 , 1.56266
1379 , -0.00738138 , -0.00738172 , 1.58112
1380 , 0.00842979 , 0.00842945 , 1.56004
1381 , 0.0240302 , 0.0240299 , 1.49997
1382 , 0.0390299 , 0.0390296 , 1.40239
1383 , 0.0530538 , 0.0530535 , 1.26976
1384 , 0.0657514 , 0.0657511 , 1.10538
1385 , 0.0768051 , 0.0768049 , 0.91337
1386 , 0.0859388 , 0.0859386 , 0.698524
1387 , 0.092924 , 0.0929239 , 0.466214
1388 , 0.0975861 , 0.097586 , 0.222249
1389 , 0.0998085 , 0.0998085 , -0.0272721
1390 , 0.0995357 , 0.0995358 , -0.276112
1391 , 0.0967746 , 0.0967747 , -0.518048
1392 , 0.091594 , 0.0915942 , -0.747034
1393 , 0.0841236 , 0.0841238 , -0.957343
1394 , 0.0745501 , 0.0745504 , -1.14372
1395 , 0.0631129 , 0.0631132 , -1.3015
1396 , 0.0500978 , 0.0500982 , -1.42675
1397 , 0.0358303 , 0.0358307 , -1.51632
1398 , 0.0206671 , 0.0206675 , -1.56799
1399 , 0.00498713 , 0.00498755 , -1.58046
1400 , -0.0108175 , -0.0108171 , -1.55342
1401 , -0.0263517 , -0.0263513 , -1.48754
1402 , -0.0412271 , -0.0412267 , -1.38447
1403 , -0.0550718 , -0.0550714 , -1.2468
1404 , -0.0675397 , -0.0675394 , -1.07795
1405 , -0.0783191 , -0.0783189 , -0.88215
1406 , -0.0871406 , -0.0871404 , -0.664299
1407 , -0.0937835 , -0.0937834 , -0.429841
1408 , -0.0980819 , -0.0980818 , -0.184637
1409 , -0.0999282 , -0.0999281 , 0.0651838
1410 , -0.0992763 , -0.0992763 , 0.313375
1411 , -0.0961425 , -0.0961426 , 0.553731
1412 , -0.0906052 , -0.0906052 , 0.780244
1413 , -0.0828027 , -0.0828028 , 0.987251
1414 , -0.0729301 , -0.0729303 , 1.16958
1415 , -0.0612343 , -0.0612345 , 1.32266
1416 , -0.0480076 , -0.0480079 , 1.44268
1417 , -0.0335808 , -0.0335811 , 1.52664
1418 , -0.0183144 , -0.0183147 , 1.57242
1419 , -0.00259014 , -0.00259048 , 1.5789
1420 , 0.0131989 , 0.0131985 , 1.5459
1421 , 0.0286579 , 0.0286575 , 1.47426
1422 , 0.0434005 , 0.0434001 , 1.36576
1423 , 0.057058 , 0.0570577 , 1.22311
1424 , 0.0692891 , 0.0692888 , 1.04989
1425 , 0.079788 , 0.0797877 , 0.850423
1426 , 0.0882922 , 0.088292 , 0.629693
1427 , 0.0945891 , 0.0945889 , 0.39322
1428 , 0.0985212 , 0.0985211 , 0.146918
1429 , 0.0999904 , 0.0999903 , -0.103058
1430 , 0.0989597 , 0.0989597 , -0.350457
1431 , 0.0954551 , 0.0954551 , -0.589095
1432 , 0.0895641 , 0.0895642 , -0.813005
1433 , 0.081434 , 0.0814341 , -1.01659
1434 , 0.0712681 , 0.0712682 , -1.19476
1435 , 0.0593204 , 0.0593206 , -1.34306
1436 , 0.0458897 , 0.04589 , -1.45779
1437 , 0.0313118 , 0.0313121 , -1.53607
1438 , 0.0159511 , 0.0159514 , -1.57595
1439 , 0.000191647 , 0.000191947 , -1.57643
1440 , -0.0155726 , -0.0155723 , -1.5375
1441 , -0.0309476 , -0.0309473 , -1.46013
1442 , -0.0455488 , -0.0455485 , -1.34626
1443 , -0.0590114 , -0.0590111 , -1.19873
1444 , -0.0709987 , -0.0709984 , -1.02123
1445 , -0.081211 , -0.0812107 , -0.818205
1446 , -0.089393 , -0.0893928 , -0.594724
1447 , -0.0953402 , -0.09534 , -0.356374
1448 , -0.0989039 , -0.0989037 , -0.109114
1449 , -0.0999949 , -0.0999949 , 0.140873
1450 , -0.0985862 , -0.0985861 , 0.387338
1451 , -0.0947127 , -0.0947128 , 0.62412
1452 , -0.0884715 , -0.0884716 , 0.845299
1453 , -0.0800185 , -0.0800186 , 1.04535
1454 , -0.069565 , -0.0695651 , 1.21926
1455 , -0.0573724 , -0.0573725 , 1.36269
1456 , -0.0437454 , -0.0437456 , 1.47205
1457 , -0.0290249 , -0.0290251 , 1.54462
1458 , -0.0135787 , -0.0135789 , 1.57856
1459 , 0.00220697 , 0.0022067 , 1.57305
1460 , 0.0179374 , 0.0179372 , 1.5282
1461 , 0.0332195 , 0.0332192 , 1.44516
1462 , 0.047671 , 0.0476708 , 1.32598
1463 , 0.0609308 , 0.0609306 , 1.17365
1464 , 0.0726673 , 0.0726671 , 0.991985
1465 , 0.0825872 , 0.0825869 , 0.785518
1466 , 0.0904423 , 0.0904421 , 0.559412
1467 , 0.0960364 , 0.0960362 , 0.319322
1468 , 0.0992296 , 0.0992295 , 0.0712482
1469 , 0.099942 , 0.099942 , -0.178607
1470 , 0.0981559 , 0.0981559 , -0.423996
1471 , 0.0939159 , 0.0939159 , -0.658786
1472 , 0.087328 , 0.0873281 , -0.877106
1473 , 0.0785569 , 0.078557 , -1.0735
1474 , 0.0678219 , 0.067822 , -1.24305
1475 , 0.0553913 , 0.0553915 , -1.38153
1476 , 0.041576 , 0.0415761 , -1.48547
1477 , 0.0267212 , 0.0267214 , -1.55228
1478 , 0.0111984 , 0.0111987 , -1.58027
1479 , -0.00460433 , -0.00460408 , -1.56876
1480 , -0.020292 , -0.0202917 , -1.51803
1481 , -0.0354723 , -0.035472 , -1.42935
1482 , -0.0497658 , -0.0497656 , -1.30494
1483 , -0.0628152 , -0.062815 , -1.1479
1484 , -0.0742942 , -0.074294 , -0.962167
1485 , -0.0839159 , -0.0839157 , -0.752378
1486 , -0.0914397 , -0.0914394 , -0.523779
1487 , -0.0966774 , -0.0966772 , -0.282086
1488 , -0.0994983 , -0.0994981 , -0.033341
1489 , -0.0998316 , -0.0998315 , 0.216238
1490 , -0.0976692 , -0.0976691 , 0.460411
1491 , -0.0930651 , -0.093065 , 0.693073
1492 , -0.0861343 , -0.0861343 , 0.908409
1493 , -0.0770501 , -0.0770502 , 1.10103
1494 , -0.0660398 , -0.0660399 , 1.26613
1495 , -0.0533784 , -0.0533785 , 1.39958
1496 , -0.0393825 , -0.0393827 , 1.49804
1497 , -0.0244021 , -0.0244024 , 1.55904
1498 , -0.00881169 , -0.00881192 , 1.58107
1499 , 0.00699906 , 0.00699881 , 1.56358
1500 , 0.0226348 , 0.0226346 , 1.50699
1501 , 0.0377047 , 0.0377045 , 1.41273
1502 , 0.051832 , 0.0518317 , 1.28315
1503 , 0.0646635 , 0.0646632 , 1.12149
1504 , 0.0758784 , 0.0758782 , 0.931796
1505 , 0.0851963 , 0.0851961 , 0.718805
1506 , 0.0923844 , 0.0923842 , 0.487845
1507 , 0.0972628 , 0.0972626 , 0.244688
1508 , 0.0997096 , 0.0997095 , -0.00458531
1509 , 0.0996637 , 0.0996636 , -0.253744
1510 , 0.0971263 , 0.0971262 , -0.49656
1511 , 0.0921606 , 0.0921606 , -0.726961
1512 , 0.084891 , 0.084891 , -0.939189
1513 , 0.075499 , 0.0754991 , -1.12794
1514 , 0.0642196 , 0.0642197 , -1.28849
1515 , 0.0513347 , 0.0513349 , -1.41682
1516 , 0.0371665 , 0.0371666 , -1.50974
1517 , 0.022069 , 0.0220692 , -1.56491
1518 , 0.00641986 , 0.00642012 , -1.58096
1519 , -0.00938979 , -0.00938951 , -1.55749
1520 , -0.0249647 , -0.0249644 , -1.49508
1521 , -0.0399155 , -0.0399152 , -1.39529
1522 , -0.0538684 , -0.0538681 , -1.26062
1523 , -0.0664746 , -0.0664743 , -1.09443
1524 , -0.0774189 , -0.0774186 , -0.900888
1525 , -0.0864278 , -0.0864275 , -0.684819
1526 , -0.093276 , -0.0932757 , -0.45163
1527 , -0.0977922 , -0.097792 , -0.20715
1528 , -0.0998637 , -0.0998635 , 0.042509
1529 , -0.0994386 , -0.0994384 , 0.291105
1530 , -0.0965275 , -0.0965274 , 0.532423
1531 , -0.0912032 , -0.0912031 , 0.760431
1532 , -0.0835988 , -0.0835988 , 0.969428
1533 , -0.0739045 , -0.0739045 , 1.15419
1534 , -0.0623626 , -0.0623626 , 1.3101
1535 , -0.0492616 , -0.0492617 , 1.43325
1536 , -0.034929 , -0.0349292 , 1.52057
1537 , -0.0197233 , -0.0197234 , 1.56988
1538 , -0.00402443 , -0.00402462 , 1.57994
1539 , 0.011775 , 0.0117748 , 1.55051
1540 , 0.0272801 , 0.0272799 , 1.48231
1541 , 0.0421032 , 0.0421029 , 1.37705
1542 , 0.0558737 , 0.0558734 , 1.23737
1543 , 0.0682473 , 0.0682471 , 1.06675
1544 , 0.0789148 , 0.0789146 , 0.869461
1545 , 0.0876094 , 0.0876092 , 0.650439
1546 , 0.0941138 , 0.0941136 , 0.415155
1547 , 0.0982653 , 0.0982651 , 0.169492
1548 , 0.0999602 , 0.09996 , -0.0804082
1549 , 0.0991561 , 0.0991559 , -0.328298
1550 , 0.0958731 , 0.095873 , -0.567981
1551 , 0.0901932 , 0.0901932 , -0.793463
1552 , 0.0822585 , 0.0822585 , -0.99911
1553 , 0.0722674 , 0.0722674 , -1.17978
1554 , 0.0604696 , 0.0604696 , -1.33095
1555 , 0.04716 , 0.0471601 , -1.44885
1556 , 0.0326714 , 0.0326716 , -1.53053
1557 , 0.0173661 , 0.0173663 , -1.57395
1558 , 0.00162656 , 0.00162681 , -1.57801
1559 , -0.0141536 , -0.0141533 , -1.54263
1560 , -0.0295799 , -0.0295796 , -1.46868
1561 , -0.0442668 , -0.0442665 , -1.35802
1562 , -0.0578469 , -0.0578466 , -1.2134
1563 , -0.0699809 , -0.0699806 , -1.03845
1564 , -0.0803654 , -0.0803651 , -0.837535
1565 , -0.0887407 , -0.0887404 , -0.615684
1566 , -0.0948975 , -0.0948973 , -0.378441
1567 , -0.0986819 , -0.0986817 , -0.131736
1568 , -0.0999992 , -0.099999 , 0.118261
1569 , -0.0988166 , -0.0988164 , 0.365302
1570 , -0.0951635 , -0.0951634 , 0.603211
1571 , -0.0891314 , -0.0891313 , 0.826039
1572 , -0.0808709 , -0.0808709 , 1.02822
1573 , -0.0705887 , -0.0705888 , 1.20469
1574 , -0.0585418 , -0.0585419 , 1.35104
1575 , -0.0450313 , -0.0450314 , 1.46362
1576 , -0.0303951 , -0.0303952 , 1.53961
1577 , -0.0149989 , -0.0149991 , 1.57711
1578 , 0.000772166 , 0.000771941 , 1.57518
1579 , 0.016524 , 0.0165237 , 1.53387
1580 , 0.0318627 , 0.0318624 , 1.45421
1581 , 0.0464048 , 0.0464045 , 1.3382
1582 , 0.0597868 , 0.0597865 , 1.18873
1583 , 0.0716742 , 0.0716739 , 1.00955
1584 , 0.0817697 , 0.0817694 , 0.805127
1585 , 0.0898209 , 0.0898206 , 0.580575
1586 , 0.0956267 , 0.0956264 , 0.341509
1587 , 0.0990417 , 0.0990415 , 0.0939053
1588 , 0.0999807 , 0.0999805 , -0.156046
1589 , 0.0984202 , 0.0984201 , -0.402096
1590 , 0.0943992 , 0.0943991 , -0.638094
1591 , 0.0880182 , 0.0880182 , -0.85814
1592 , 0.0794368 , 0.0794368 , -1.05673
1593 , 0.0688694 , 0.0688695 , -1.22891
1594 , 0.0565804 , 0.0565804 , -1.37036
1595 , 0.0428768 , 0.0428769 , -1.47755
1596 , 0.0281012 , 0.0281014 , -1.5478
1597 , 0.0126232 , 0.0126234 , -1.57936
1598 , -0.00317046 , -0.00317024 , -1.57143
1599 , -0.0188848 , -0.0188846 , -1.52422
1600 , -0.0341271 , -0.0341268 , -1.43891
1601 , -0.0485162 , -0.0485159 , -1.31762
1602 , -0.0616923 , -0.0616921 , -1.16339
1603 , -0.0733262 , -0.0733259 , -0.980072
1604 , -0.0831269 , -0.0831266 , -0.772255
1605 , -0.0908494 , -0.0908492 , -0.545132
1606 , -0.0963007 , -0.0963005 , -0.304381
1607 , -0.0993445 , -0.0993443 , -0.0560201
1608 , -0.0999047 , -0.0999045 , 0.193741
1609 , -0.0979672 , -0.0979671 , 0.438659
1610 , -0.0935806 , -0.0935805 , 0.67261
1611 , -0.0868544 , -0.0868544 , 0.889746
1612 , -0.0779569 , -0.077957 , 1.08464
1613 , -0.0671105 , -0.0671106 , 1.25242
1614 , -0.0545863 , -0.0545864 , 1.38888
1615 , -0.0406975 , -0.0406976 , 1.49063
1616 , -0.0257912 , -0.0257914 , 1.5551
1617 , -0.0102402 , -0.0102403 , 1.5807
1618 , 0.00556691 , 0.00556673 , 1.56679
1619 , 0.0212348 , 0.0212346 , 1.5137
1620 , 0.0363718 , 0.0363716 , 1.42277
1621 , 0.0505995 , 0.0505993 , 1.29627
1622 , 0.0635623 , 0.0635621 , 1.13737
1623 , 0.074936 , 0.0749358 , 0.950029
1624 , 0.0844362 , 0.0844361 , 0.738939
1625 , 0.0918256 , 0.0918254 , 0.509375
1626 , 0.0969193 , 0.0969192 , 0.267077
1627 , 0.0995901 , 0.09959 , 0.0181025
1628 , 0.0997711 , 0.099771 , -0.231325
1629 , 0.0974578 , 0.0974577 , -0.474969
1630 , 0.0927081 , 0.0927081 , -0.706739
1631 , 0.0856407 , 0.0856407 , -0.920841
1632 , 0.0764322 , 0.0764322 , -1.11192
1633 , 0.065313 , 0.065313 , -1.2752
1634 , 0.0525609 , 0.052561 , -1.40661
1635 , 0.0384948 , 0.0384949 , -1.50284
1636 , 0.0234663 , 0.0234665 , -1.56151
1637 , 0.00785122 , 0.00785138 , -1.58114
1638 , -0.00796018 , -0.00796001 , -1.56124
1639 , -0.0235726 , -0.0235724 , -1.50231
1640 , -0.0385957 , -0.0385955 , -1.40582
1641 , -0.0526539 , -0.0526537 , -1.27418
1642 , -0.0653957 , -0.0653955 , -1.1107
1643 , -0.0765027 , -0.0765025 , -0.91944
1644 , -0.085697 , -0.0856969 , -0.705198
1645 , -0.092749 , -0.0927488 , -0.473326
1646 , -0.0974822 , -0.0974821 , -0.22962
1647 , -0.0997784 , -0.0997783 , 0.0198253
1648 , -0.0995801 , -0.09958 , 0.268775
1649 , -0.0968923 , -0.0968923 , 0.511006
1650 , -0.0917823 , -0.0917822 , 0.740462
1651 , -0.0843776 , -0.0843776 , 0.951406
1652 , -0.0748635 , -0.0748636 , 1.13856
1653 , -0.0634779 , -0.0634779 , 1.29726
1654 , -0.0505052 , -0.0505053 , 1.42352
1655 , -0.03627 , -0.0362701 , 1.5142
1656 , -0.021128 , -0.0211281 , 1.56702
1657 , -0.00545778 , -0.00545793 , 1.58066
1658 , 0.0103489 , 0.0103487 , 1.55479
1659 , 0.0258968 , 0.0258966 , 1.49005
1660 , 0.0407973 , 0.0407971 , 1.38806
1661 , 0.0546779 , 0.0546777 , 1.25136
1662 , 0.0671915 , 0.0671913 , 1.08338
1663 , 0.0780253 , 0.0780252 , 0.888322
1664 , 0.0869085 , 0.0869084 , 0.671051
1665 , 0.093619 , 0.0936189 , 0.437004
1666 , 0.0979891 , 0.0979889 , 0.192031
1667 , 0.0999093 , 0.0999092 , -0.0577418
1668 , 0.0993319 , 0.0993318 , -0.306071
1669 , 0.0962712 , 0.0962711 , -0.546749
1670 , 0.0908036 , 0.0908036 , -0.773758
1671 , 0.083066 , 0.083066 , -0.981423
1672 , 0.0732518 , 0.0732518 , -1.16455
1673 , 0.0616062 , 0.0616063 , -1.31857
1674 , 0.0484205 , 0.0484206 , -1.43962
1675 , 0.0340243 , 0.0340244 , -1.52468
1676 , 0.0187775 , 0.0187776 , -1.57162
1677 , 0.00306122 , 0.00306134 , -1.57928
1678 , -0.0127316 , -0.0127314 , -1.54745
1679 , -0.0282061 , -0.0282059 , -1.47693
1680 , -0.0429754 , -0.0429753 , -1.3695
1681 , -0.0566704 , -0.0566702 , -1.22782
1682 , -0.0689486 , -0.0689484 , -1.05545
1683 , -0.0795031 , -0.0795029 , -0.856692
1684 , -0.08807 , -0.0880698 , -0.636518
1685 , -0.0944352 , -0.094435 , -0.40043
1686 , -0.0984395 , -0.0984393 , -0.154332
1687 , -0.0999828 , -0.0999826 , 0.0956248
1688 , -0.0990265 , -0.0990264 , 0.343191
1689 , -0.0955946 , -0.0955945 , 0.582177
1690 , -0.0897728 , -0.0897727 , 0.806609
1691 , -0.0817067 , -0.0817066 , 1.01088
1692 , -0.0715979 , -0.0715979 , 1.18987
1693 , -0.0596992 , -0.0596992 , 1.33912
1694 , -0.046308 , -0.046308 , 1.45489
1695 , -0.0317591 , -0.0317591 , 1.53429
1696 , -0.0164162 , -0.0164163 , 1.57533
1697 , -0.000662907 , -0.000663003 , 1.57698
1698 , 0.0151069 , 0.0151068 , 1.53922
1699 , 0.0304991 , 0.030499 , 1.46297
1700 , 0.0451288 , 0.0451287 , 1.35015
1701 , 0.0586303 , 0.0586302 , 1.20357
1702 , 0.070666 , 0.0706659 , 1.02691
1703 , 0.0809351 , 0.080935 , 0.82457
1704 , 0.0891808 , 0.0891807 , 0.601618
1705 , 0.095197 , 0.0951969 , 0.363626
1706 , 0.0988332 , 0.0988331 , 0.116543
1707 , 0.0999986 , 0.0999986 , -0.133453
1708 , 0.0986641 , 0.098664 , -0.380113
1709 , 0.0948629 , 0.0948629 , -0.61727
1710 , 0.0886902 , 0.0886902 , -0.838996
1711 , 0.0803002 , 0.0803002 , -1.03975
1712 , 0.0699027 , 0.0699028 , -1.2145
1713 , 0.0577577 , 0.0577577 , -1.3589
1714 , 0.0441687 , 0.0441688 , -1.46932
1715 , 0.0294755 , 0.0294756 , -1.54301
1716 , 0.0140454 , 0.0140455 , -1.57812
1717 , -0.00173586 , -0.00173573 , -1.57378
1718 , -0.0174737 , -0.0174736 , -1.5301
1719 , -0.0327747 , -0.0327745 , -1.44816
1720 , -0.0472563 , -0.0472562 , -1.33002
1721 , -0.0605565 , -0.0605564 , -1.17863
1722 , -0.0723428 , -0.0723427 , -0.997774
1723 , -0.0823206 , -0.0823204 , -0.791973
1724 , -0.0902403 , -0.0902402 , -0.566373
1725 , -0.095904 , -0.0959039 , -0.326613
1726 , -0.0991702 , -0.09917 , -0.0786879
1727 , -0.099957 , -0.0999569 , 0.171204
1728 , -0.098245 , -0.0982449 , 0.416817
1729 , -0.0940768 , -0.0940767 , 0.652008
1730 , -0.0875567 , -0.0875566 , 0.8709
1731 , -0.0788477 , -0.0788476 , 1.06802
1732 , -0.0681675 , -0.0681674 , 1.23844
1733 , -0.0557831 , -0.0557831 , 1.3779
1734 , -0.0420041 , -0.0420041 , 1.48291
1735 , -0.027175 , -0.0271751 , 1.55084
1736 , -0.0116666 , -0.0116666 , 1.58001
1737 , 0.00413354 , 0.00413347 , 1.56968
1738 , 0.0198303 , 0.0198302 , 1.5201
1739 , 0.0350313 , 0.0350312 , 1.43252
1740 , 0.0493566 , 0.0493565 , 1.30913
1741 , 0.0624479 , 0.0624478 , 1.15301
1742 , 0.073978 , 0.0739779 , 0.968067
1743 , 0.0836587 , 0.0836586 , 0.758921
1744 , 0.0912479 , 0.0912478 , 0.530801
1745 , 0.0965559 , 0.0965558 , 0.289412
1746 , 0.09945 , 0.0994499 , 0.040787
1747 , 0.0998579 , 0.0998578 , -0.208857
1748 , 0.0977693 , 0.0977692 , -0.45328
1749 , 0.0932365 , 0.0932364 , -0.686371
1750 , 0.0863727 , 0.0863727 , -0.902303
1751 , 0.0773497 , 0.0773496 , -1.09568
1752 , 0.0663929 , 0.0663929 , -1.26166
1753 , 0.0537763 , 0.0537763 , -1.3961
1754 , 0.0398153 , 0.0398153 , -1.49564
1755 , 0.0248589 , 0.0248589 , -1.55779
1756 , 0.009281 , 0.00928105 , -1.58099
1757 , -0.0065289 , -0.00652883 , -1.56467
1758 , -0.0221756 , -0.0221755 , -1.50923
1759 , -0.0372679 , -0.0372678 , -1.41606
1760 , -0.0514284 , -0.0514283 , -1.28749
1761 , -0.0643033 , -0.0643032 , -1.12673
1762 , -0.0755706 , -0.0755705 , -0.937803
1763 , -0.0849486 , -0.0849485 , -0.725431
1764 , -0.092203 , -0.0922028 , -0.494924
1765 , -0.0971522 , -0.0971521 , -0.252044
1766 , -0.0996726 , -0.0996725 , -0.00286275
1767 , -0.0997013 , -0.0997011 , 0.24639
1768 , -0.0972373 , -0.0972372 , 0.489483
1769 , -0.0923425 , -0.0923424 , 0.720339
1770 , -0.0851391 , -0.085139 , 0.933187
1771 , -0.0758072 , -0.0758071 , 1.1227
1772 , -0.0645801 , -0.0645801 , 1.28415
1773 , -0.0517386 , -0.0517385 , 1.4135
1774 , -0.0376035 , -0.0376035 , 1.50751
1775 , -0.0225284 , -0.0225284 , 1.56383
1776 , -0.00689009 , -0.00689013 , 1.58106
1777 , 0.00892049 , 0.00892043 , 1.55876
1778 , 0.0245081 , 0.024508 , 1.49749
1779 , 0.0394829 , 0.0394828 , 1.39878
1780 , 0.0534707 , 0.0534706 , 1.2651
1781 , 0.0661218 , 0.0661216 , 1.0998
1782 , 0.0771197 , 0.0771196 , 0.906999
1783 , 0.0861897 , 0.0861896 , 0.691525
1784 , 0.093105 , 0.0931048 , 0.458762
1785 , 0.0976926 , 0.0976925 , 0.214531
1786 , 0.0998379 , 0.0998378 , -0.0350632
1787 , 0.0994873 , 0.0994872 , -0.283781
1788 , 0.0966494 , 0.0966493 , -0.525404
1789 , 0.0913954 , 0.0913953 , -0.753893
1790 , 0.0838564 , 0.0838564 , -0.963534
1791 , 0.0742211 , 0.074221 , -1.14909
1792 , 0.0627302 , 0.0627302 , -1.30591
1793 , 0.0496711 , 0.0496711 , -1.43009
1794 , 0.0353701 , 0.0353702 , -1.51851
1795 , 0.020185 , 0.020185 , -1.56898
1796 , 0.00449519 , 0.00449525 , -1.58022
1797 , -0.011307 , -0.0113069 , -1.55195
1798 , -0.0268265 , -0.0268264 , -1.48488
1799 , -0.0416753 , -0.0416752 , -1.38069
1800 , -0.0554823 , -0.0554822 , -1.24199
1801 , -0.0679022 , -0.067902 , -1.07223
1802 , -0.0786245 , -0.0786244 , -0.875673
1803 , -0.0873812 , -0.0873811 , -0.65722
1804 , -0.0939534 , -0.0939533 , -0.422337
1805 , -0.0981768 , -0.0981767 , -0.176895
1806 , -0.0999457 , -0.0999456 , 0.072969
1807 , -0.099216 , -0.0992159 , 0.321009
1808 , -0.0960059 , -0.0960059 , 0.561023
1809 , -0.0903957 , -0.0903956 , 0.787013
1810 , -0.0825255 , -0.0825255 , 0.993326
1811 , -0.0725922 , -0.0725922 , 1.17481
1812 , -0.0608441 , -0.0608442 , 1.32692
1813 , -0.047575 , -0.047575 , 1.44585
1814 , -0.0331164 , -0.0331164 , 1.52865
1815 , -0.0178299 , -0.01783 , 1.57322
1816 , -0.00209768 , -0.00209778 , 1.57847
1817 , 0.013687 , 0.0136869 , 1.54425
1818 , 0.0291295 , 0.0291294 , 1.47142
1819 , 0.0438437 , 0.0438436 , 1.36182
1820 , 0.0574619 , 0.0574618 , 1.21816
1821 , 0.0696435 , 0.0696434 , 1.04405
1822 , 0.080084 , 0.0800839 , 0.843843
1823 , 0.0885224 , 0.0885223 , 0.622537
1824 , 0.0947478 , 0.0947477 , 0.385668
1825 , 0.0986045 , 0.0986044 , 0.139157
1826 , 0.099996 , 0.099996 , -0.110833
1827 , 0.0988877 , 0.0988876 , -0.358052
1828 , 0.0953071 , 0.0953071 , -0.596319
1829 , 0.0893439 , 0.0893439 , -0.819679
1830 , 0.0811471 , 0.0811471 , -1.02255
1831 , 0.0709216 , 0.0709217 , -1.19985
1832 , 0.0589231 , 0.0589231 , -1.34716
1833 , 0.0454515 , 0.0454516 , -1.46079
1834 , 0.0308436 , 0.0308437 , -1.5379
1835 , 0.0154646 , 0.0154647 , -1.57656
1836 , -0.000301004 , -0.000300879 , -1.57581
1837 , -0.0160591 , -0.0160589 , -1.53566
1838 , -0.0314157 , -0.0314155 , -1.45712
1839 , -0.0459869 , -0.0459867 , -1.34215
1840 , -0.0594084 , -0.0594083 , -1.19363
1841 , -0.0713447 , -0.0713446 , -1.01527
1842 , -0.0814974 , -0.0814973 , -0.811528
1843 , -0.0896127 , -0.0896126 , -0.587497
1844 , -0.0954876 , -0.0954876 , -0.348778
1845 , -0.0989754 , -0.0989753 , -0.101339
1846 , -0.0999888 , -0.0999887 , 0.148633
1847 , -0.0985025 , -0.0985024 , 0.394889
1848 , -0.0945536 , -0.0945535 , 0.631272
1849 , -0.0882408 , -0.0882408 , 0.851874
1850 , -0.0797221 , -0.0797221 , 1.05118
1851 , -0.0692103 , -0.0692103 , 1.22421
1852 , -0.0569682 , -0.0569682 , 1.36663
1853 , -0.0433019 , -0.043302 , 1.47488
1854 , -0.0285531 , -0.0285532 , 1.54626
1855 , -0.0130905 , -0.0130905 , 1.57899
1856 , 0.00269944 , 0.00269938 , 1.57224
1857 , 0.0184219 , 0.0184218 , 1.52619
1858 , 0.0336837 , 0.0336837 , 1.44198
1859 , 0.0481035 , 0.0481034 , 1.32172
1860 , 0.0613207 , 0.0613206 , 1.16842
1861 , 0.0730049 , 0.0730048 , 0.985906
1862 , 0.0828639 , 0.0828639 , 0.778746
1863 , 0.0906514 , 0.0906513 , 0.552118
1864 , 0.0961725 , 0.0961725 , 0.311686
1865 , 0.0992894 , 0.0992894 , 0.0634629
1866 , 0.099924 , 0.099924 , -0.186347
1867 , 0.0980605 , 0.0980605 , -0.431498
1868 , 0.0937455 , 0.0937455 , -0.665862
1869 , 0.0870869 , 0.0870869 , -0.883579
1870 , 0.0782511 , 0.0782511 , -1.07921
1871 , 0.067459 , 0.0674591 , -1.24785
1872 , 0.0549805 , 0.0549805 , -1.38531
1873 , 0.0411274 , 0.0411275 , -1.48812
1874 , 0.0262461 , 0.0262462 , -1.55374
1875 , 0.0107087 , 0.0107088 , -1.58051
1876 , -0.00509638 , -0.00509633 , -1.56777
1877 , -0.0207741 , -0.020774 , -1.51584
1878 , -0.0359325 , -0.0359324 , -1.42601
1879 , -0.0501925 , -0.0501925 , -1.30052
1880 , -0.0631977 , -0.0631977 , -1.14253
1881 , -0.074623 , -0.074623 , -0.955973
1882 , -0.0841827 , -0.0841827 , -0.745516
1883 , -0.0916379 , -0.0916379 , -0.516421
1884 , -0.0968021 , -0.0968021 , -0.274416
1885 , -0.0995462 , -0.0995463 , -0.0255501
1886 , -0.0998017 , -0.0998018 , 0.223954
1887 , -0.0975622 , -0.0975622 , 0.46786
1888 , -0.0928835 , -0.0928836 , 0.700069
1889 , -0.0858829 , -0.0858829 , 0.914776
1890 , -0.0767351 , -0.0767352 , 1.10661
1891 , -0.065669 , -0.065669 , 1.27079
1892 , -0.0529611 , -0.0529612 , 1.40319
1893 , -0.0389292 , -0.0389293 , 1.50051
1894 , -0.0239241 , -0.0239241 , 1.56032
1895 , -0.00832086 , -0.00832091 , 1.58113
1896 , 0.00749039 , 0.00749034 , 1.5624
1897 , 0.0231144 , 0.0231143 , 1.50461
1898 , 0.0381605 , 0.0381605 , 1.40921
1899 , 0.0522526 , 0.0522526 , 1.27858
1900 , 0.0650384 , 0.0650384 , 1.11599
1901 , 0.0761982 , 0.0761983 , 0.925489
1902 , 0.0854531 , 0.0854532 , 0.711857
1903 , 0.0925717 , 0.0925717 , 0.480427
1904 , 0.0973759 , 0.097376 , 0.236987
1905 , 0.0997458 , 0.0997459 , -0.0123774
1906 , 0.099622 , 0.0996221 , -0.261433
1907 , 0.0970076 , 0.0970078 , -0.503952
1908 , 0.0919681 , 0.0919682 , -0.733873
1909 , 0.0846294 , 0.0846295 , -0.945446
1910 , 0.0751749 , 0.075175 , -1.13338
1911 , 0.0638411 , 0.0638412 , -1.29299
1912 , 0.0509112 , 0.0509113 , -1.42027
1913 , 0.0367086 , 0.0367087 , -1.51204
1914 , 0.0215882 , 0.0215883 , -1.56601
1915 , 0.00592816 , 0.00592824 , -1.58083
1916 , -0.00988011 , -0.00988005 , -1.55613
1917 , -0.0254414 , -0.0254413 , -1.49252
1918 , -0.0403666 , -0.0403666 , -1.39161
1919 , -0.0542827 , -0.0542827 , -1.2559
1920 , -0.0668417 , -0.0668417 , -1.0888
1921 , -0.0777296 , -0.0777297 , -0.894473
1922 , -0.0866744 , -0.0866744 , -0.677787
1923 , -0.0934522 , -0.0934523 , -0.444157
1924 , -0.0978938 , -0.0978938 , -0.199422
1925 , -0.099888 , -0.0998881 , 0.0502979
1926 , -0.099385 , -0.0993851 , 0.298761
1927 , -0.0963974 , -0.0963975 , 0.539754
1928 , -0.0909998 , -0.0909999 , 0.767254
1929 , -0.0833273 , -0.0833274 , 0.975573
1930 , -0.0735716 , -0.0735717 , 1.1595
1931 , -0.0619766 , -0.0619766 , 1.31444
1932 , -0.0488321 , -0.0488322 , 1.43652
1933 , -0.0344669 , -0.034467 , 1.52269
1934 , -0.01924 , -0.0192401 , 1.57079
1935 , -0.00353206 , -0.00353214 , 1.57962
1936 , 0.0122641 , 0.0122641 , 1.54896
1937 , 0.0277538 , 0.0277537 , 1.47958
1938 , 0.0425495 , 0.0425495 , 1.3732
1939 , 0.0562815 , 0.0562815 , 1.2325
1940 , 0.0686065 , 0.0686065 , 1.06098
1941 , 0.0792164 , 0.0792163 , 0.862943
1942 , 0.0878458 , 0.0878458 , 0.643328
1943 , 0.0942791 , 0.0942791 , 0.407631
1944 , 0.0983554 , 0.0983554 , 0.161742
1945 , 0.0999728 , 0.0999728 , -0.0881896
1946 , 0.0990909 , 0.0990909 , -0.335917
1947 , 0.0957317 , 0.0957317 , -0.575246
1948 , 0.0899792 , 0.0899793 , -0.800194
1949 , 0.0819773 , 0.0819773 , -1.00514
1950 , 0.0719259 , 0.0719259 , -1.18495
1951 , 0.0600764 , 0.0600764 , -1.33514
1952 , 0.0467249 , 0.046725 , -1.45196
1953 , 0.0322054 , 0.0322054 , -1.53247
1954 , 0.0168807 , 0.0168807 , -1.57467
1955 , 0.00113397 , 0.00113401 , -1.57751
1956 , -0.0146411 , -0.0146411 , -1.5409
1957 , -0.0300501 , -0.0300501 , -1.46578
1958 , -0.0447079 , -0.0447079 , -1.35401
1959 , -0.058248 , -0.058248 , -1.20839
1960 , -0.0703319 , -0.0703319 , -1.03256
1961 , -0.0806575 , -0.0806575 , -0.830916
1962 , -0.0889666 , -0.0889666 , -0.608499
1963 , -0.0950516 , -0.0950516 , -0.37087
1964 , -0.0987603 , -0.0987603 , -0.12397
1965 , -0.0999999 , -0.1 , 0.12603
1966 , -0.0987396 , -0.0987397 , 0.37288
1967 , -0.0950108 , -0.0950109 , 0.610407
1968 , -0.0889068 , -0.0889068 , 0.832674
1969 , -0.08058 , -0.0805801 , 1.03412
1970 , -0.0702388 , -0.0702389 , 1.20972
1971 , -0.0581416 , -0.0581416 , 1.35508
1972 , -0.0445908 , -0.0445909 , 1.46655
1973 , -0.0299253 , -0.0299254 , 1.54137
1974 , -0.0145116 , -0.0145117 , 1.57765
1975 , 0.00126481 , 0.00126475 , 1.57448
1976 , 0.0170096 , 0.0170096 , 1.53196
1977 , 0.0323292 , 0.0323292 , 1.45114
1978 , 0.0468406 , 0.0468405 , 1.33404
1979 , 0.0601809 , 0.0601809 , 1.18358
1980 , 0.0720167 , 0.0720167 , 1.00354
1981 , 0.0820521 , 0.0820521 , 0.798411
1982 , 0.0900362 , 0.0900362 , 0.57332
1983 , 0.0957694 , 0.0957694 , 0.333897
1984 , 0.0991084 , 0.0991084 , 0.0861255
1985 , 0.0999696 , 0.0999697 , -0.163799
1986 , 0.0983316 , 0.0983317 , -0.409628
1987 , 0.0942353 , 0.0942354 , -0.645216
1988 , 0.0877832 , 0.0877832 , -0.864674
1989 , 0.0791364 , 0.0791365 , -1.06252
1990 , 0.0685113 , 0.0685113 , -1.23379
1991 , 0.0561733 , 0.0561734 , -1.37423
1992 , 0.0424311 , 0.0424311 , -1.48031
1993 , 0.027628 , 0.0276281 , -1.54938
1994 , 0.0121343 , 0.0121343 , -1.57971
1995 , -0.00366282 , -0.00366279 , -1.57055
1996 , -0.0193684 , -0.0193683 , -1.52213
1997 , -0.0345897 , -0.0345897 , -1.43566
1998 , -0.0489463 , -0.0489463 , -1.31329
1999 , -0.0620792 , -0.0620792 , -1.1581
